0.000000000000000000e+00,2.849901669003925781e+04,-6.455398482560524371e+02
0.000000000000000000e+00,2.829548384695837012e+04,-2.620993940210672463e+03
0.000000000000000000e+00,2.796889989037194755e+04,6.197260167445651859e+03
0.000000000000000000e+00,2.896477213518511780e+04,-1.129931729550929958e+03
0.000000000000000000e+00,2.804404374763029045e+04,-4.620956029234810558e+03
0.000000000000000000e+00,2.817966783847197439e+04,1.063960084040128322e+03
0.000000000000000000e+00,2.825279847358230472e+04,9.445690713610082412e+02
0.000000000000000000e+00,2.828949130861783487e+04,-9.609500781881217790e+02
0.000000000000000000e+00,2.824001460082296398e+04,-3.362100443576800899e+03
0.000000000000000000e+00,2.810239352722166950e+04,-4.113453683380790608e+03
0.000000000000000000e+00,2.822673485492553664e+04,2.265564761234323669e+03
0.000000000000000000e+00,2.809853276880170597e+04,2.324108304515003510e+03
0.000000000000000000e+00,2.796717467296458199e+04,2.127919042605738298e+02
0.000000000000000000e+00,2.790226042763181249e+04,1.657906076101061288e+01
0.000000000000000000e+00,2.809358566600957784e+04,9.431879417253879865e+02
0.000000000000000000e+00,2.778956494343569284e+04,6.106078466751362612e+03
0.000000000000000000e+00,2.799762660479825354e+04,-2.715248845972340860e+03
0.000000000000000000e+00,2.787139424555470032e+04,-4.447319293886509513e+03
0.000000000000000000e+00,2.829116993308236852e+04,-1.235305824754746709e+03
0.000000000000000000e+00,2.777556996361772690e+04,-4.837483380485838097e+03
0.000000000000000000e+00,2.796994936158994824e+04,-3.542699946566818198e+03
0.000000000000000000e+00,2.803931860416030031e+04,3.679676117688285331e+02
0.000000000000000000e+00,2.814815644323508968e+04,1.773579247394751292e+03
0.000000000000000000e+00,2.795654515301645006e+04,-3.564935120679865577e+03
0.000000000000000000e+00,2.778550908237720796e+04,-4.236388095691067974e+03
0.000000000000000000e+00,2.844555615943266821e+04,2.647933083214040380e+03
0.000000000000000000e+00,2.846664448281153818e+04,4.525746708622989900e+03
0.000000000000000000e+00,2.869160502325140988e+04,3.086928359028610885e+03
0.000000000000000000e+00,2.810384646806642559e+04,6.689568593181461438e+03
0.000000000000000000e+00,2.850576469101298790e+04,4.414014273758130003e+03
0.000000000000000000e+00,2.873025719734258382e+04,3.069988804854053342e+03
0.000000000000000000e+00,2.408213879845089104e+04,9.060320336884969947e+03
0.000000000000000000e+00,2.782867494492845799e+04,-4.979206632307772452e+03
0.000000000000000000e+00,2.804973572681883888e+04,-2.811280340786588113e+03
0.000000000000000000e+00,2.802592028766549993e+04,2.618031551378947483e+02
0.000000000000000000e+00,2.781706059343240850e+04,-4.838862902817323629e+03
0.000000000000000000e+00,2.809764323491138566e+04,-2.496075084891697600e+02
0.000000000000000000e+00,2.790187908878987946e+04,1.499162159724234016e+03
0.000000000000000000e+00,2.825496525312374069e+04,4.489856669318782565e+02
0.000000000000000000e+00,2.805808830184389808e+04,2.719167949381635026e+03
0.000000000000000000e+00,2.797005601034925712e+04,-4.482324308507038040e+03
0.000000000000000000e+00,2.804397574563759554e+04,-4.367938785903898861e+03
0.000000000000000000e+00,2.776392552325904035e+04,-5.470346729824781505e+03
0.000000000000000000e+00,2.807210859279775104e+04,8.538245654644822480e+02
0.000000000000000000e+00,2.774931608972407412e+04,1.451377979998986348e+03
0.000000000000000000e+00,2.801776293111406267e+04,-4.380511855632333209e+03
0.000000000000000000e+00,2.780085219149836121e+04,-5.275317853028390346e+03
0.000000000000000000e+00,2.769648151458951543e+04,-5.331052773128927583e+03
0.000000000000000000e+00,2.777238193354368923e+04,-5.341381477311464550e+03
0.000000000000000000e+00,2.793190810553086339e+04,-2.860025467363902862e+03
0.000000000000000000e+00,2.633480599967667149e+04,-4.310161074019238185e+03
0.000000000000000000e+00,2.571046255268026653e+04,-6.003941719273276249e+03
0.000000000000000000e+00,2.734196050830531385e+04,-2.281451034762928316e+02
0.000000000000000000e+00,2.788649446562836602e+04,-2.959386319939281293e+03
0.000000000000000000e+00,2.773015797106900209e+04,-1.607759623894762626e+03
0.000000000000000000e+00,2.786920004418722601e+04,-2.995650237567331260e+03
0.000000000000000000e+00,2.837096284040851970e+04,1.801646171601395054e+03
0.000000000000000000e+00,2.791561334831200293e+04,-1.356582129905320244e+03
0.000000000000000000e+00,2.802488801518447872e+04,-4.079987976073131904e+03
0.000000000000000000e+00,2.793563589516819775e+04,1.205268087038184376e+03
0.000000000000000000e+00,2.792771858285761118e+04,5.084080570203740308e+02
0.000000000000000000e+00,2.600398373563610949e+04,9.023133437753256658e+03
0.000000000000000000e+00,2.836915122690519274e+04,3.102565378620188881e+02
0.000000000000000000e+00,2.885554899195078178e+04,2.632642515109285242e+01
0.000000000000000000e+00,2.812497584614715015e+04,3.137720346416207121e+03
0.000000000000000000e+00,2.825271994942951278e+04,2.228151273752522684e+03
0.000000000000000000e+00,2.827496505830162641e+04,-3.427092899451504763e+03
0.000000000000000000e+00,2.818885661260488632e+04,-3.919178564098152492e+03
0.000000000000000000e+00,2.775673735566755931e+04,5.265341285443639208e+03
0.000000000000000000e+00,2.839517898488507126e+04,2.919735378535386872e+02
0.000000000000000000e+00,2.808932639387946256e+04,3.675860288164127724e+03
0.000000000000000000e+00,2.828451803027942879e+04,-3.172610276325412542e+03
0.000000000000000000e+00,2.819055980171090778e+04,-3.960246223416056068e+02
0.000000000000000000e+00,2.810232586998299666e+04,-2.243816873240318273e+03
0.000000000000000000e+00,2.798783656127194627e+04,-1.420401335066742377e+03
0.000000000000000000e+00,2.790687514239082520e+04,-1.079928676641364518e+03
0.000000000000000000e+00,2.828862437614852752e+04,1.540894887639139142e+03
0.000000000000000000e+00,2.752086968199438707e+04,4.199642120379742664e+03
0.000000000000000000e+00,2.782000839912186711e+04,1.928015113411131551e+03
0.000000000000000000e+00,2.801977351238769188e+04,-4.240453318991164451e+03
0.000000000000000000e+00,2.594936461222086291e+04,9.326297684121804195e+03
0.000000000000000000e+00,2.817212726710621064e+04,8.479507748005360099e+02
0.000000000000000000e+00,2.789854490317617456e+04,3.640942299634513347e+03
0.000000000000000000e+00,2.818957764677159139e+04,-9.765439592615385891e+02
0.000000000000000000e+00,2.824444382629175016e+04,-9.486268064720865141e+02
0.000000000000000000e+00,2.823349277894867191e+04,-9.904995388646875654e+02
0.000000000000000000e+00,2.841698850320842030e+04,-9.972356416975360389e+02
0.000000000000000000e+00,2.807112165768466002e+04,-4.947885307467458006e+03
0.000000000000000000e+00,2.810582502557015687e+04,-1.465492378345976022e+03
0.000000000000000000e+00,2.825955013889373004e+04,-2.210631364926666720e+03
0.000000000000000000e+00,2.801888964963332182e+04,-4.922561436887049240e+03
0.000000000000000000e+00,2.838594805750361411e+04,-1.947466913336290418e+03
0.000000000000000000e+00,2.852865346245022010e+04,-1.952867056125882982e+03
0.000000000000000000e+00,2.841896408691029865e+04,1.968564494073320361e+02
0.000000000000000000e+00,2.821289191904079053e+04,2.745259153846575828e+03
0.000000000000000000e+00,2.840018472688911788e+04,1.420590992051039620e+03
0.000000000000000000e+00,2.817686846316044466e+04,4.697787140250035918e+03
0.000000000000000000e+00,2.870192477707341459e+04,1.834257425907560901e+03
0.000000000000000000e+00,2.826648847193357869e+04,5.678779907294371014e+02
0.000000000000000000e+00,2.825257399744709983e+04,-8.983895526644957954e+02
0.000000000000000000e+00,2.800878729084379665e+04,-2.360323649503747220e+03
0.000000000000000000e+00,2.784094582728776368e+04,-5.010113360688274952e+03
0.000000000000000000e+00,2.787617332104244997e+04,-4.365513715100003537e+03
0.000000000000000000e+00,2.801733745140568499e+04,5.571878695728579260e+03
0.000000000000000000e+00,2.797631218319706386e+04,3.643227495697143695e+03
0.000000000000000000e+00,2.770677678919764730e+04,-5.296882751218016892e+03
0.000000000000000000e+00,2.810127652450937603e+04,6.118032036795308159e+03
0.000000000000000000e+00,2.798379292880387584e+04,-4.457289768547252606e+03
0.000000000000000000e+00,2.866181529770218185e+04,3.511823590599241243e+02
0.000000000000000000e+00,2.772936074156796531e+04,5.490908286782923824e+03
0.000000000000000000e+00,2.761110957744301049e+04,5.315849359885622107e+03
0.000000000000000000e+00,2.802579883522114324e+04,7.716906510586236436e+02
0.000000000000000000e+00,2.792672739333270147e+04,-8.462882086161050665e+01
0.000000000000000000e+00,2.812080744713484819e+04,2.783995965401615535e+02
0.000000000000000000e+00,2.756759206858868129e+04,-5.526448632886039377e+03
0.000000000000000000e+00,2.777341111862039907e+04,-3.468740923035394189e+03
0.000000000000000000e+00,2.780987395425614523e+04,-1.547608609196618772e+03
0.000000000000000000e+00,2.804834379090548828e+04,-4.981183389832532157e+03
0.000000000000000000e+00,2.825156246957053372e+04,-2.813431859395164793e+03
0.000000000000000000e+00,2.848492384239446255e+04,-2.052775598899071156e+03
0.000000000000000000e+00,2.810621590271213427e+04,-4.318258239880070505e+03
0.000000000000000000e+00,2.792706879161078905e+04,1.012254198079628281e+03
0.000000000000000000e+00,2.799663469238734979e+04,-1.348190386809289294e+03
0.000000000000000000e+00,2.808584827017020143e+04,-5.411310471348041347e+02
0.000000000000000000e+00,2.765936359940819602e+04,-5.424843647058622992e+03
0.000000000000000000e+00,2.801378148456979761e+04,2.418144710689251951e+03
0.000000000000000000e+00,2.798403270723241803e+04,1.838547482034082350e+03
0.000000000000000000e+00,2.805146402287691308e+04,-3.229259271329930812e+02
0.000000000000000000e+00,2.809903408532176036e+04,8.986603702534091553e+02
0.000000000000000000e+00,2.771439998743838078e+04,2.773786759881246780e+03
0.000000000000000000e+00,2.855576778424265649e+04,-2.622993563277090288e+03
0.000000000000000000e+00,2.874988580455056581e+04,6.659596249940815369e+02
0.000000000000000000e+00,2.770452300008411839e+04,6.389538846034808557e+03
0.000000000000000000e+00,2.781937264941186368e+04,1.052905382780106720e+03
0.000000000000000000e+00,2.836557836240889446e+04,-2.006526725488083969e+02
0.000000000000000000e+00,2.815598190640866596e+04,-9.212198336043463769e+02
0.000000000000000000e+00,2.812346719527791720e+04,1.579004394149068503e+03
0.000000000000000000e+00,2.818392467298263000e+04,2.684275607562140976e+03
0.000000000000000000e+00,2.784391576000233545e+04,-5.019716487044825044e+03
0.000000000000000000e+00,2.796960303063795072e+04,-4.311518619937433868e+03
0.000000000000000000e+00,2.763391374367813478e+04,-5.320425186219551506e+03
0.000000000000000000e+00,2.799366104508960052e+04,1.342839564245669408e+03
0.000000000000000000e+00,2.836954489196896611e+04,-4.619215726989090740e+02
0.000000000000000000e+00,2.779335867702264659e+04,6.463342446787684821e+03
0.000000000000000000e+00,2.814387004327687464e+04,-1.167412155024121603e+03
0.000000000000000000e+00,2.816246078966881032e+04,1.903445111214595727e+03
0.000000000000000000e+00,2.798040655065476676e+04,-5.153780199550441466e+03
0.000000000000000000e+00,2.779994795643731777e+04,-4.559021135035030056e+03
0.000000000000000000e+00,2.815222062000365986e+04,-3.170766754951523126e+03
0.000000000000000000e+00,2.808172701439212324e+04,1.598716302614845290e+03
0.000000000000000000e+00,2.775219856234190956e+04,-5.268133361931102627e+03
0.000000000000000000e+00,2.808857403399224859e+04,-3.823455196823425922e+03
0.000000000000000000e+00,2.845161573461990702e+04,-1.300940496003006956e+03
0.000000000000000000e+00,2.779494275550753810e+04,-4.752646570730210442e+03
0.000000000000000000e+00,2.783708722244171440e+04,-5.140966276754672435e+03
0.000000000000000000e+00,2.784218956692385837e+04,5.122014708326649270e+03
0.000000000000000000e+00,2.822430046832380685e+04,-1.712720922448493411e+03
0.000000000000000000e+00,2.827512774882627491e+04,-1.059144760761323596e+03
0.000000000000000000e+00,2.761671194902721618e+04,9.912982149521340034e+02
0.000000000000000000e+00,2.797452127930073402e+04,3.698374980944678100e+03
0.000000000000000000e+00,2.761084726461080936e+04,-2.617229744236182341e+03
0.000000000000000000e+00,2.798931164456850820e+04,-3.767071713481192091e+03
0.000000000000000000e+00,2.840046092896718255e+04,-1.863650491827146197e+03
0.000000000000000000e+00,2.801439916838656791e+04,-2.643793373789229008e+03
0.000000000000000000e+00,2.796537021697352611e+04,-4.570747297519292260e+03
0.000000000000000000e+00,2.773982437519005907e+04,-1.579413345533100426e+02
0.000000000000000000e+00,2.764834594341860065e+04,4.273218843550264864e+03
0.000000000000000000e+00,2.778781758966206689e+04,-1.649104518210970809e+03
0.000000000000000000e+00,2.787643884146651544e+04,-2.542791457351477675e+03
0.000000000000000000e+00,2.777718687431191938e+04,-8.054429266885719016e+02
0.000000000000000000e+00,2.790587363278989142e+04,1.093804998910305528e+02
0.000000000000000000e+00,2.790064698045135447e+04,5.940011861569801113e+02
0.000000000000000000e+00,2.778317428478819056e+04,-7.535096263819375508e+02
0.000000000000000000e+00,2.802901311752914626e+04,-1.022887556789486553e+03
0.000000000000000000e+00,2.791988086865596779e+04,-4.318362996840063715e+03
0.000000000000000000e+00,2.797949168987276425e+04,-2.770954730486875178e+03
0.000000000000000000e+00,2.773440007564182815e+04,1.009995289816113882e+03
0.000000000000000000e+00,2.816881845002669797e+04,-3.783414851507213825e+02
0.000000000000000000e+00,2.787937990919200820e+04,-1.335257188558782900e+03
0.000000000000000000e+00,2.797889751225405780e+04,-1.806456145839926421e+03
0.000000000000000000e+00,2.803449633585922129e+04,7.582484205303204590e+02
0.000000000000000000e+00,2.810179835977737821e+04,-5.913527182884314470e+02
0.000000000000000000e+00,2.764835242051833484e+04,-2.663666598053611324e+03
0.000000000000000000e+00,2.846407739347166716e+04,4.178236370781192818e+03
0.000000000000000000e+00,2.827499269115919014e+04,3.256484138977140901e+03
0.000000000000000000e+00,2.780223349948624309e+04,-1.783174895927181751e+03
0.000000000000000000e+00,2.833107964376658856e+04,4.706783328156844618e+03
0.000000000000000000e+00,2.850967532833890800e+04,-2.236858623410000462e+02
0.000000000000000000e+00,2.861541266951056241e+04,5.968965018643906433e+02
0.000000000000000000e+00,2.779856539851526759e+04,4.727757699165765075e+02
0.000000000000000000e+00,2.756225424006828689e+04,1.808903648242659983e+03
0.000000000000000000e+00,2.768544564623309634e+04,2.278280470354042336e+03
0.000000000000000000e+00,2.799045754739299809e+04,-1.842747693584645504e+03
0.000000000000000000e+00,2.848641968162929334e+04,2.728203139956585346e+03
0.000000000000000000e+00,2.866457879847925506e+04,1.189264545821187312e+03
0.000000000000000000e+00,2.873821838530255991e+04,-3.601560199374898161e+02
0.000000000000000000e+00,2.851996125296541504e+04,6.773237429987459564e+02
0.000000000000000000e+00,2.868659690579052040e+04,-1.858022176234899007e+03
0.000000000000000000e+00,2.745041883396461344e+04,7.159848747463070140e+03
0.000000000000000000e+00,2.780832898327740259e+04,-3.162239669211696764e+02
0.000000000000000000e+00,2.778153964593071942e+04,6.901875926945584752e+02
0.000000000000000000e+00,2.868963225047272499e+04,-1.876606819930513666e+03
0.000000000000000000e+00,2.870357392721411088e+04,4.552657492059825586e+02
0.000000000000000000e+00,2.852961234765923291e+04,2.741788999779889764e+03
0.000000000000000000e+00,2.867390097497574970e+04,-7.452365181993179704e+02
0.000000000000000000e+00,2.824524099766266590e+04,4.090772194950944595e+03
0.000000000000000000e+00,2.823225585975650392e+04,-2.700868429610542535e+03
0.000000000000000000e+00,2.807114474961521046e+04,4.502280667084410197e+03
0.000000000000000000e+00,2.695859038125402731e+04,-5.551468940927628864e+03
0.000000000000000000e+00,2.741121009823433633e+04,-2.972910470015456667e+03
0.000000000000000000e+00,2.650263528692740147e+04,-5.940057301950728288e+03
0.000000000000000000e+00,2.730321409792287159e+04,-5.412737472712932686e+03
0.000000000000000000e+00,2.659354351005323042e+04,-5.822499247399104206e+03
0.000000000000000000e+00,2.653424249584897552e+04,-5.788815740800135245e+03
0.000000000000000000e+00,2.853888710582535714e+04,9.768928954333687216e+02
0.000000000000000000e+00,2.885331363243769010e+04,4.271540149303496037e+01
0.000000000000000000e+00,2.799844638065151230e+04,-4.616652751285549130e+03
0.000000000000000000e+00,2.830362247884731551e+04,4.191817554108134573e+03
0.000000000000000000e+00,2.844618635415497556e+04,2.520410541469770578e+03
0.000000000000000000e+00,2.789387174948440588e+04,3.431689317829607262e+03
0.000000000000000000e+00,2.870182574560289504e+04,-1.772528766289669875e+03
0.000000000000000000e+00,2.783610859032854205e+04,3.901215054773772863e+03
0.000000000000000000e+00,2.775602917412608440e+04,3.395956424070347111e+03
0.000000000000000000e+00,2.815788648891187404e+04,5.019642949859638065e+03
0.000000000000000000e+00,2.781475381606496740e+04,2.848735419039620865e+03
0.000000000000000000e+00,2.790154979926201486e+04,3.013972429248526623e+02
0.000000000000000000e+00,2.799155436545899283e+04,3.368756941517917767e+02
0.000000000000000000e+00,2.801214219998636327e+04,3.333969212240221509e+02
0.000000000000000000e+00,2.720069932649385373e+04,4.565020866640769782e+03
0.000000000000000000e+00,2.804616381965016626e+04,-5.437549867041899461e+02
0.000000000000000000e+00,2.789944398968836322e+04,-2.424081504381738341e+03
0.000000000000000000e+00,2.767069260903963368e+04,3.372452130658916303e+03
0.000000000000000000e+00,2.814984864944801302e+04,2.718499310932827939e+03
0.000000000000000000e+00,2.814540319303630167e+04,-4.077761225127881971e+03
0.000000000000000000e+00,2.804960778477587883e+04,-4.814587645239048470e+03
0.000000000000000000e+00,2.796474554346593504e+04,3.744830492549786413e+03
0.000000000000000000e+00,2.804699866948277850e+04,-6.356214208240066910e+02
0.000000000000000000e+00,2.821467232720632455e+04,-3.482520422766421007e+02
0.000000000000000000e+00,2.785566048355977182e+04,-5.068041441651866080e+03
0.000000000000000000e+00,2.839513004365300367e+04,8.004653665060202457e+02
0.000000000000000000e+00,2.817465592335238034e+04,-1.505852792772261864e+03
0.000000000000000000e+00,2.826166913722842583e+04,-3.827488321472870666e+03
0.000000000000000000e+00,2.611764144070379189e+04,7.215843834195773525e+03
0.000000000000000000e+00,2.785743963519945828e+04,6.175573832372720062e+03
0.000000000000000000e+00,2.807894988748806281e+04,-3.779999898142923939e+03
0.000000000000000000e+00,2.886502600939748663e+04,1.490658568178227142e+03
0.000000000000000000e+00,2.852582743629682591e+04,2.143229394722164216e+03
0.000000000000000000e+00,2.801187584778523524e+04,-3.437383184854796127e+03
0.000000000000000000e+00,2.808073938966385685e+04,-4.089725828504776018e+03
0.000000000000000000e+00,2.814801002269568562e+04,-3.436614608161529304e+03
0.000000000000000000e+00,2.795653564091427688e+04,-4.421056858677381570e+03
0.000000000000000000e+00,2.835083224062410955e+04,-2.538564317089233555e+03
0.000000000000000000e+00,2.696207552635800675e+04,-5.295551742714726061e+03
0.000000000000000000e+00,2.789279218435193616e+04,6.212690056918553637e+03
0.000000000000000000e+00,2.795483183275454212e+04,-3.897170590836115025e+03
0.000000000000000000e+00,2.714197497761796330e+04,5.988808936902240930e+03
0.000000000000000000e+00,2.735428615655494286e+04,-2.781206396596683589e+03
0.000000000000000000e+00,2.741496061853902938e+04,2.114462749268268169e+02
0.000000000000000000e+00,2.774538327189990014e+04,-1.263352783941071493e+03
0.000000000000000000e+00,2.797838394961864469e+04,-2.260936808836636374e+03
0.000000000000000000e+00,2.792562673154608638e+04,2.865122175599658476e+03
0.000000000000000000e+00,2.817104864903631460e+04,7.153411157673668868e+02
0.000000000000000000e+00,2.793968221151798934e+04,-9.003696952629829298e+01
0.000000000000000000e+00,2.777442504522255331e+04,2.659859476343099686e+03
0.000000000000000000e+00,2.787829087652872113e+04,-6.242533922942360505e+02
0.000000000000000000e+00,2.775129383097102618e+04,8.045928465082606635e+02
0.000000000000000000e+00,2.805605137375251070e+04,-4.304721375274634738e+03
0.000000000000000000e+00,2.804533222547188416e+04,-1.903182653109990952e+03
0.000000000000000000e+00,2.786291029194075600e+04,-2.539981584752746585e+03
0.000000000000000000e+00,2.783400166903701393e+04,4.727678250595384270e+03
0.000000000000000000e+00,2.811414207131891817e+04,-1.248149053902562400e+03
0.000000000000000000e+00,2.758745001080528891e+04,2.814803078747659129e+03
0.000000000000000000e+00,2.744436498478425710e+04,2.644786791344904941e+03
0.000000000000000000e+00,2.720425416399458481e+04,-4.552158724455994161e+03
0.000000000000000000e+00,2.760838192261752920e+04,-3.268353916862696224e+03
0.000000000000000000e+00,2.762769567350858415e+04,5.965201183874530670e+02
0.000000000000000000e+00,2.820097620293115688e+04,-2.559223285301504802e+03
0.000000000000000000e+00,2.843438630466420000e+04,-3.472728047683994191e+03
0.000000000000000000e+00,2.770143458394769914e+04,-4.700281848577618803e+03
0.000000000000000000e+00,2.788158908594949025e+04,-5.317636578110314076e+03
0.000000000000000000e+00,2.815546205255727909e+04,-4.982217763223793554e+03
0.000000000000000000e+00,2.802230048069019540e+04,3.968018539773212979e+03
0.000000000000000000e+00,2.847411982092314793e+04,-3.114000854105529470e+03
0.000000000000000000e+00,2.813365365683624623e+04,-4.159356287983051516e+03
0.000000000000000000e+00,2.813666063179502089e+04,3.131230890780668688e+03
0.000000000000000000e+00,2.821315549797121275e+04,-3.335083387540217245e+03
0.000000000000000000e+00,2.829576746105928760e+04,7.189485624522168337e+02
0.000000000000000000e+00,2.794149634301468541e+04,3.740017782167943096e+03
0.000000000000000000e+00,2.645511615449976671e+04,-1.270425276519965564e+03
0.000000000000000000e+00,2.817927510852184059e+04,-4.239444354764285890e+03
0.000000000000000000e+00,2.811073630579077144e+04,-4.306232382567433888e+03
0.000000000000000000e+00,2.823365715078024732e+04,-4.099152710939030840e+03
0.000000000000000000e+00,2.822725481276931532e+04,-3.656705719742430574e+03
0.000000000000000000e+00,2.816665058038179632e+04,3.495737694478402773e+03
0.000000000000000000e+00,2.890828725516178019e+04,-5.495344244170673846e+02
0.000000000000000000e+00,2.807062051103186241e+04,-1.166513566941099953e+03
0.000000000000000000e+00,2.778945240957566784e+04,-1.333631144354318394e+03
0.000000000000000000e+00,2.767932957254514258e+04,-3.668258838741415730e+03
0.000000000000000000e+00,2.683581861958123409e+04,8.552210741678225531e+03
0.000000000000000000e+00,2.785121002720173419e+04,-2.544493105697879400e+03
0.000000000000000000e+00,2.776597632953541324e+04,1.381188059431258807e+03
0.000000000000000000e+00,2.843969985944888685e+04,3.751318657203980820e+03
0.000000000000000000e+00,2.802488146145563223e+04,-3.631704939820566779e+03
0.000000000000000000e+00,2.811047463427728144e+04,-2.588621852636365475e+02
0.000000000000000000e+00,2.883750455830160354e+04,-3.266955180216814938e+02
0.000000000000000000e+00,2.883748061533520013e+04,3.063686254017760803e+03
0.000000000000000000e+00,2.802068798147095731e+04,-2.444373041972802184e+03
0.000000000000000000e+00,2.782656435269400390e+04,-4.250621867643036239e+03
0.000000000000000000e+00,2.775134920669371058e+04,3.180525617141708153e+03
0.000000000000000000e+00,2.809488542629557560e+04,-2.906420413934158205e+03
0.000000000000000000e+00,2.816147968221679912e+04,9.628521291956973300e+02
0.000000000000000000e+00,2.800186333224755799e+04,1.836108972258969345e+02
0.000000000000000000e+00,2.881505745073309663e+04,1.215810405811651435e+03
0.000000000000000000e+00,2.803512738131198785e+04,-3.331105496579403734e+03
0.000000000000000000e+00,2.788152504935211618e+04,-2.527937636689910960e+03
0.000000000000000000e+00,2.804975026971611442e+04,-8.175768823836065167e+02
0.000000000000000000e+00,2.786204346413408712e+04,1.480373460394490166e+03
0.000000000000000000e+00,2.785052229172451189e+04,4.169224712323277345e+03
0.000000000000000000e+00,2.599666189303514329e+04,8.927040228347001175e+03
0.000000000000000000e+00,2.788933557556656888e+04,-5.007236252235639768e+03
0.000000000000000000e+00,2.776307341407249623e+04,2.044967746061664229e+03
0.000000000000000000e+00,2.799346146605945250e+04,5.002863453676947643e+02
0.000000000000000000e+00,2.780333755302702048e+04,1.878225237258099867e+02
0.000000000000000000e+00,2.809609885855528773e+04,-1.206395319439888681e+03
0.000000000000000000e+00,2.842941970529931496e+04,2.770396658297720933e+03
0.000000000000000000e+00,2.806953297671244945e+04,-3.858323533069116365e+03
0.000000000000000000e+00,2.815028461056494052e+04,-1.469044355950382624e+03
0.000000000000000000e+00,2.652344955065831527e+04,8.892063526113734042e+03
0.000000000000000000e+00,2.768523743315392130e+04,-5.286184194612320425e+03
0.000000000000000000e+00,2.816401279726533539e+04,-2.888065203407507397e+03
0.000000000000000000e+00,2.797289653621493562e+04,-1.022669018905866778e+03
0.000000000000000000e+00,2.801739181719789485e+04,-4.210622409623993917e+03
0.000000000000000000e+00,2.865710202588620086e+04,-1.394675917540566843e+03
0.000000000000000000e+00,2.651431899332475950e+04,1.029080408451320409e+03
0.000000000000000000e+00,2.657912086419485786e+04,2.745518603972789606e+03
0.000000000000000000e+00,2.848912129176249073e+04,2.742063889140278206e+03
0.000000000000000000e+00,2.880897392950272115e+04,-1.806124549998851535e+03
0.000000000000000000e+00,2.797759759376276998e+04,-4.227134783241897821e+03
0.000000000000000000e+00,2.830124067098764863e+04,-3.284476233821936603e+03
0.000000000000000000e+00,2.812553466700437639e+04,-3.362654918811933385e+03
0.000000000000000000e+00,2.823494803944387604e+04,-3.654966304156139358e+03
0.000000000000000000e+00,2.765270086125850503e+04,-2.207259696792428258e+03
0.000000000000000000e+00,2.817121275998793499e+04,-2.884862481132644007e+03
0.000000000000000000e+00,2.721511050428619274e+04,2.802461271795552420e+03
0.000000000000000000e+00,2.763794220888427662e+04,-2.147800843587508552e+03
0.000000000000000000e+00,2.818322783717661878e+04,-2.587432364972543382e+03
0.000000000000000000e+00,2.831781894665442815e+04,8.552414494076696201e+02
0.000000000000000000e+00,2.740739134140947499e+04,5.776340646250699820e+02
0.000000000000000000e+00,2.741716527983980995e+04,-9.353363168549336706e+02
0.000000000000000000e+00,2.810917330050318560e+04,2.131284242603012899e+03
0.000000000000000000e+00,2.717565783572473083e+04,-3.036822021205339752e+03
0.000000000000000000e+00,2.793337896866305164e+04,-4.685691911128982611e+03
0.000000000000000000e+00,2.886959085190468249e+04,-5.886598834076212938e+01
0.000000000000000000e+00,2.721805783301904739e+04,1.687332944791365207e+03
0.000000000000000000e+00,2.712225100531608041e+04,-1.762696463609115426e+03
0.000000000000000000e+00,2.825736605865233287e+04,-2.149061032755065298e+03
0.000000000000000000e+00,2.825345258358491265e+04,7.358161689328567263e+02
0.000000000000000000e+00,2.588508623236232597e+04,9.464641732291558583e+03
0.000000000000000000e+00,2.808955784469575883e+04,3.073897972048972406e+03
0.000000000000000000e+00,2.784590312620045734e+04,-4.653170047211179735e+03
0.000000000000000000e+00,2.832231727704068908e+04,-2.156495732803780811e+03
0.000000000000000000e+00,2.695342748300316453e+04,-4.262548714585203015e+03
0.000000000000000000e+00,2.792483301609999035e+04,-5.155880432233881947e+03
0.000000000000000000e+00,2.657363682654639706e+04,-5.881420996350861969e+03
0.000000000000000000e+00,2.666264034139092473e+04,-5.379113929635805107e+03
0.000000000000000000e+00,2.834054556204040273e+04,9.433417977832381212e+02
0.000000000000000000e+00,2.653620703015517211e+04,-5.874883660977772706e+03
0.000000000000000000e+00,2.873003657646618740e+04,7.114980229003303975e+02
0.000000000000000000e+00,2.780670131942681473e+04,4.186752313401613719e+03
0.000000000000000000e+00,2.828617523906072165e+04,2.506075528096506787e+03
0.000000000000000000e+00,2.799702417823106953e+04,-3.265891204833621032e+03
0.000000000000000000e+00,2.812381649769429714e+04,-3.999896685345206151e+03
0.000000000000000000e+00,2.822596494879373131e+04,-2.203759937897145392e+03
0.000000000000000000e+00,2.687370804848572516e+04,-5.314895587932173839e+03
0.000000000000000000e+00,2.630045860350060684e+04,-6.066442856673021197e+03
0.000000000000000000e+00,2.717526434991211136e+04,7.282376979900313017e+03
0.000000000000000000e+00,2.859308363958677364e+04,2.207430322518326648e+03
0.000000000000000000e+00,2.827614474554009939e+04,-2.499540951154344384e+03
0.000000000000000000e+00,2.869717964280538581e+04,-8.106148038312299775e+01
0.000000000000000000e+00,2.802549120040339767e+04,-2.872858930609343133e+03
0.000000000000000000e+00,2.740123704498355437e+04,-5.496326940127478338e+03
0.000000000000000000e+00,2.799238330574578504e+04,-4.156649766818050011e+03
0.000000000000000000e+00,2.819042700534757023e+04,-1.063235666303112339e+03
0.000000000000000000e+00,2.863597212461275558e+04,1.899370213033037544e+03
0.000000000000000000e+00,2.785727090325317477e+04,5.562829989905950470e+02
0.000000000000000000e+00,2.826994227366716586e+04,-2.908934028660514286e+03
0.000000000000000000e+00,2.859581180339416824e+04,1.536503920683245497e+02
0.000000000000000000e+00,2.786691411062366751e+04,2.171994655393316407e+03
0.000000000000000000e+00,2.788057546857912530e+04,2.249984272548877925e+03
0.000000000000000000e+00,2.792109485649329145e+04,2.419907691091856123e+03
0.000000000000000000e+00,2.795765851636867592e+04,2.379588655960980759e+03
0.000000000000000000e+00,2.647028724748402601e+04,8.660103742478242566e+03
0.000000000000000000e+00,2.786185379153837494e+04,8.653205878568451226e+02
0.000000000000000000e+00,2.767417459839062940e+04,-3.052670587501072532e+03
0.000000000000000000e+00,2.727365542240330979e+04,-3.451335712155832425e+03
0.000000000000000000e+00,2.754553337311923678e+04,-4.066309511611497328e+03
0.000000000000000000e+00,2.817651028972714630e+04,8.697847795419833119e+02
0.000000000000000000e+00,2.778432904063382375e+04,-3.871606081253268712e+03
0.000000000000000000e+00,2.795253555360897008e+04,-2.692353897325425351e+03
0.000000000000000000e+00,2.785672928242411217e+04,-1.056700184085788692e+02
0.000000000000000000e+00,2.758140628161968925e+04,6.233851047899586320e+02
0.000000000000000000e+00,2.821383838168080547e+04,-2.007925051963341730e+03
0.000000000000000000e+00,2.814392902864221105e+04,2.447163873482733834e+03
0.000000000000000000e+00,2.815146793652848646e+04,2.695922436467667922e+03
0.000000000000000000e+00,2.799941534023294298e+04,4.072332030684156507e+03
0.000000000000000000e+00,2.816884193060953839e+04,-2.290408071201239636e+03
0.000000000000000000e+00,2.808774598019986297e+04,-1.438156749413009038e+03
0.000000000000000000e+00,2.818389470500653260e+04,-3.116705427260291799e+03
0.000000000000000000e+00,2.672022472758787262e+04,9.450902519091894646e+03
0.000000000000000000e+00,2.806397050067885357e+04,-4.105620625676658165e+03
0.000000000000000000e+00,2.823235583635784496e+04,-2.282724795711694696e+02
0.000000000000000000e+00,2.574445949363494947e+04,9.396748371809144373e+03
0.000000000000000000e+00,2.852522519502008436e+04,4.130855708436026362e+03
0.000000000000000000e+00,2.798935089730051550e+04,-3.545871960023250722e+03
0.000000000000000000e+00,2.770332329730124184e+04,5.471987838158083832e+03
0.000000000000000000e+00,2.822395035996913430e+04,-3.410774326659002327e+03
0.000000000000000000e+00,2.776431993044985575e+04,3.287983632271740134e+03
0.000000000000000000e+00,2.795948873203551193e+04,6.297271011302666466e+02
0.000000000000000000e+00,2.799110902924362381e+04,-1.249410619077648107e+03
0.000000000000000000e+00,2.739972287834996678e+04,4.377627092389741847e+03
0.000000000000000000e+00,2.779363401535204684e+04,-1.526434760011343997e+03
0.000000000000000000e+00,2.798569237763681303e+04,-7.161326479053636831e+02
0.000000000000000000e+00,2.790585362983907544e+04,-4.552659406222848702e+03
0.000000000000000000e+00,2.850207914112779326e+04,2.846804971697793007e+03
0.000000000000000000e+00,2.739777530361070967e+04,-5.631447231251438097e+03
0.000000000000000000e+00,2.736385329838381222e+04,-5.526291629109688074e+03
0.000000000000000000e+00,2.808289527061044282e+04,-4.370753953471909881e+03
0.000000000000000000e+00,2.814342780500658046e+04,2.317651983658364315e+03
0.000000000000000000e+00,2.833902678237568762e+04,1.024211993781563592e+02
0.000000000000000000e+00,2.807804934111543116e+04,-4.307749009665737503e+03
0.000000000000000000e+00,2.801849156275758287e+04,-4.896754297139063965e+03
0.000000000000000000e+00,2.786074141494515061e+04,3.582079141090010580e+03
0.000000000000000000e+00,2.830456485963653540e+04,-1.174315415576297028e+03
0.000000000000000000e+00,2.782429552486853572e+04,-2.185854989313264412e+02
0.000000000000000000e+00,2.806111229020653263e+04,-4.451088317635872954e+03
0.000000000000000000e+00,2.788632649079557450e+04,-3.589094167820252551e+03
0.000000000000000000e+00,2.802524955403040440e+04,-4.308558388006737914e+03
0.000000000000000000e+00,2.774430658014318760e+04,-5.278161604866090784e+03
0.000000000000000000e+00,2.833657403634987350e+04,-2.618751186528887047e+03
0.000000000000000000e+00,2.799359206204215661e+04,-1.634191373255779126e+03
0.000000000000000000e+00,2.800527741200628952e+04,-4.107866546337056207e+03
0.000000000000000000e+00,2.842184660646241900e+04,2.568577496122985849e+03
0.000000000000000000e+00,2.804615023698486766e+04,-4.038931223912745281e+03
0.000000000000000000e+00,2.781658633238375842e+04,3.169083422659605731e+03
0.000000000000000000e+00,2.776634238852872295e+04,-5.098485604346296896e+03
0.000000000000000000e+00,2.794538186819901603e+04,-4.193449107579533120e+03
0.000000000000000000e+00,2.827760809865332340e+04,-2.356548150070430893e+03
0.000000000000000000e+00,2.793436855406768882e+04,-4.705190946425892434e+03
0.000000000000000000e+00,2.817709535387294818e+04,-2.724822805321594842e+03
0.000000000000000000e+00,2.781901193835559025e+04,5.416456744030797381e+03
0.000000000000000000e+00,2.812118188612582526e+04,1.839797437279721180e+03
0.000000000000000000e+00,2.800398193626638749e+04,-4.081230107868101641e+03
0.000000000000000000e+00,2.816012815741812665e+04,-4.219952518046799014e+03
0.000000000000000000e+00,2.803076623757406560e+04,6.165303081128411577e+03
0.000000000000000000e+00,2.889753857615659581e+04,-1.840936811994023969e+02
0.000000000000000000e+00,2.736126500287720410e+04,6.458865986670394705e+03
0.000000000000000000e+00,2.816794755544693180e+04,-7.507799203081456199e+02
0.000000000000000000e+00,2.782738700204882844e+04,-4.656261900780384167e+03
0.000000000000000000e+00,2.805251375453526998e+04,-4.529679986102070757e+02
0.000000000000000000e+00,2.788728683029694730e+04,-3.308208855723756187e+03
0.000000000000000000e+00,2.809447320066733664e+04,1.501537382977467587e+03
0.000000000000000000e+00,2.789151175092398262e+04,-4.633385971755395985e+03
0.000000000000000000e+00,2.825958773267301149e+04,-2.499548498459012990e+03
0.000000000000000000e+00,2.810281112936073987e+04,-3.439714981162710046e+03
0.000000000000000000e+00,2.783467005188787516e+04,-4.624036062517865503e+03
0.000000000000000000e+00,2.813979865031160807e+04,-1.348951159479500802e+03
0.000000000000000000e+00,2.802680481159386545e+04,6.005358612388173469e+02
0.000000000000000000e+00,2.802881272052807617e+04,-1.122001904435085635e+03
0.000000000000000000e+00,2.798575222303609189e+04,-4.985063439468148317e+03
0.000000000000000000e+00,2.827917343727299522e+04,-2.077741393563627753e+03
0.000000000000000000e+00,2.820452290348235692e+04,-1.221397155811691619e+03
0.000000000000000000e+00,2.647441785322322903e+04,8.880756235038761588e+03
0.000000000000000000e+00,2.799886036627879366e+04,-1.833167813983382075e+03
0.000000000000000000e+00,2.807998738426257478e+04,5.301192270187303848e+02
0.000000000000000000e+00,2.782416370103832742e+04,1.490623661968398892e+03
0.000000000000000000e+00,2.786346051399752105e+04,3.635028501858690561e+03
0.000000000000000000e+00,2.755233141067935139e+04,6.506256721953051056e+03
0.000000000000000000e+00,2.811194433067854334e+04,-3.686492493749126993e+02
0.000000000000000000e+00,2.858921222941133965e+04,-2.632195030244961799e+03
0.000000000000000000e+00,2.821668696191467825e+04,-2.234235059892914705e+03
0.000000000000000000e+00,2.752636786218399357e+04,8.426508535390785255e+03
0.000000000000000000e+00,2.627581925110340308e+04,2.525581783871771222e+03
0.000000000000000000e+00,2.625397211801653248e+04,2.516364899546103061e+03
0.000000000000000000e+00,2.876802804113899765e+04,-2.474936730663094693e+02
0.000000000000000000e+00,2.872103503885243117e+04,-2.310414341657803107e+03
0.000000000000000000e+00,2.820864630089945058e+04,-3.499534089401130586e+03
0.000000000000000000e+00,2.639667311806297221e+04,2.437894057875511407e+03
0.000000000000000000e+00,2.648175401561098624e+04,4.491387297547911999e+02
0.000000000000000000e+00,2.654863856017508806e+04,4.469187573606308206e+02
0.000000000000000000e+00,2.797638537761268162e+04,-4.487520706066297862e+03
0.000000000000000000e+00,2.766868358772774445e+04,-8.575760264941488913e+02
0.000000000000000000e+00,2.784501543759748893e+04,-5.144444696125213341e+03
0.000000000000000000e+00,2.659332499734528392e+04,4.321045423543483253e+02
0.000000000000000000e+00,2.848025964813386236e+04,-3.757630454928521885e+03
0.000000000000000000e+00,2.698129185378826514e+04,7.335964726831974076e+03
0.000000000000000000e+00,2.567842143813423536e+04,9.493816969098908885e+03
0.000000000000000000e+00,2.878636326428351458e+04,-6.048888055246020912e+01
0.000000000000000000e+00,2.766113125727298029e+04,-5.188971979066100175e+03
0.000000000000000000e+00,2.804301227312180345e+04,-1.814388264497045384e+03
0.000000000000000000e+00,2.795384271193638415e+04,-4.112919427088186239e+03
0.000000000000000000e+00,2.756844453544183125e+04,4.149829373312240932e+03
0.000000000000000000e+00,2.821633788012732839e+04,3.654572842535161271e+03
0.000000000000000000e+00,2.770023463079968496e+04,5.157258615861374892e+03
0.000000000000000000e+00,2.789980822318848368e+04,-1.185615062882914117e+03
0.000000000000000000e+00,2.895233459582266369e+04,-1.777072348930232920e+03
0.000000000000000000e+00,2.776348104340312057e+04,-1.352386947286937129e+03
0.000000000000000000e+00,2.776816808047952873e+04,-3.253078750943898285e+02
0.000000000000000000e+00,2.760652173744466927e+04,-3.039657660157954069e+03
0.000000000000000000e+00,2.756853566247879280e+04,-5.345025893427165101e+03
0.000000000000000000e+00,2.799609042308203789e+04,-4.827786573220316313e+03
0.000000000000000000e+00,2.748962134342735226e+04,1.260336841548233906e+03
0.000000000000000000e+00,2.702380347668575268e+04,-5.660145429650347069e+03
0.000000000000000000e+00,2.792019857177621452e+04,-3.671772635100400748e+03
0.000000000000000000e+00,2.840962721341684664e+04,1.320015915644613870e+03
0.000000000000000000e+00,2.664975153062036770e+04,-5.814294570005178684e+03
0.000000000000000000e+00,2.671900439757977074e+04,8.984519915176619179e+03
0.000000000000000000e+00,2.845474580578885434e+04,-6.315431766083464709e+02
0.000000000000000000e+00,2.846084168945933561e+04,4.545488089935638527e+03
0.000000000000000000e+00,2.760916902543518518e+04,6.809145375348234666e+03
0.000000000000000000e+00,2.852157306341060030e+04,2.440797667350973370e+03
0.000000000000000000e+00,2.806572743929305580e+04,-3.555841152854730808e+03
0.000000000000000000e+00,2.863071997189055764e+04,1.088473609556929659e+03
0.000000000000000000e+00,2.854897706208093223e+04,2.645004988779098767e+03
0.000000000000000000e+00,2.847454602504488503e+04,2.600166207679246781e+03
0.000000000000000000e+00,2.825421169898233347e+04,2.742242865688347138e+03
0.000000000000000000e+00,2.727506390315233512e+04,-1.341010858861835004e+03
0.000000000000000000e+00,2.807704321464074019e+04,2.230388399985873093e+03
0.000000000000000000e+00,2.667212104497423934e+04,-5.734514698985310133e+03
0.000000000000000000e+00,2.730621258107001267e+04,-1.339466281623964960e+03
0.000000000000000000e+00,2.597033756868779165e+04,-5.933773045755874591e+03
0.000000000000000000e+00,2.634484632339254313e+04,-5.764187502018845407e+03
0.000000000000000000e+00,2.672553573963259623e+04,-5.603757539960391114e+03
0.000000000000000000e+00,2.807162226398674466e+04,1.762635517495548584e+03
0.000000000000000000e+00,2.764632663977976699e+04,-4.966679702103899217e+03
0.000000000000000000e+00,2.825599824395793985e+04,-2.968105749423208181e+03
0.000000000000000000e+00,2.890607740497187115e+04,-5.397766339041828587e+02
0.000000000000000000e+00,2.842909515499591362e+04,-2.768249523032655816e+03
0.000000000000000000e+00,2.803380818113470377e+04,-1.190392865577051964e+02
0.000000000000000000e+00,2.791636968385204091e+04,-4.404051191761623159e+03
0.000000000000000000e+00,2.778482528895897121e+04,7.885148905438454676e+03
0.000000000000000000e+00,2.549641266485873348e+04,9.474859485916484118e+03
0.000000000000000000e+00,2.842495309733026079e+04,-2.591319896584090202e+03
0.000000000000000000e+00,2.807173366854985215e+04,-4.595804512084781891e+03
0.000000000000000000e+00,2.827018753334793291e+04,-3.629774699425720428e+03
0.000000000000000000e+00,2.831902086276482078e+04,-1.633168208914852585e+03
0.000000000000000000e+00,2.847663978632249928e+04,-3.039593669848069112e+03
0.000000000000000000e+00,2.830274468233498555e+04,-3.332575235403096940e+03
0.000000000000000000e+00,2.844946615726264281e+04,-2.337079568795295927e+03
0.000000000000000000e+00,2.823868707909212389e+04,-2.454613012184316176e+03
0.000000000000000000e+00,2.817478131232017040e+04,-2.948466720051188531e+03
0.000000000000000000e+00,2.816596262305659911e+04,-1.296422456916230431e+03
0.000000000000000000e+00,2.623974072753531073e+04,-5.915851229065194275e+03
0.000000000000000000e+00,2.760915013471318161e+04,-7.962501976085508204e+01
0.000000000000000000e+00,2.783998028154813801e+04,-4.080310213601705982e+03
0.000000000000000000e+00,2.822380958295765231e+04,5.382657617565885630e+03
0.000000000000000000e+00,2.715240643816201919e+04,-5.704682261010139882e+03
0.000000000000000000e+00,2.816639250839811939e+04,-3.664166662353086394e+03
0.000000000000000000e+00,2.817124091459228293e+04,-7.744602494607676135e+02
0.000000000000000000e+00,2.872680017050227616e+04,2.062706306192591455e+03
0.000000000000000000e+00,2.799969011953212612e+04,-2.969421562715301206e+03
0.000000000000000000e+00,2.772694158099987544e+04,-1.292456045992617192e+03
0.000000000000000000e+00,2.818220151117172645e+04,-3.140517697515699638e+03
0.000000000000000000e+00,2.781569531553032357e+04,-2.793332850867433990e+03
0.000000000000000000e+00,2.749510700271050882e+04,1.530391436430867998e+03
0.000000000000000000e+00,2.799214260811562417e+04,3.104599506299894983e+03
0.000000000000000000e+00,2.781417810835878481e+04,-4.481676943404818303e+03
0.000000000000000000e+00,2.786564869472605642e+04,3.318506772153336328e+02
0.000000000000000000e+00,2.795234130980046757e+04,-5.309907097472193982e+02
0.000000000000000000e+00,2.794898792278054680e+04,-3.826108183155376537e+03
0.000000000000000000e+00,2.855116907805282244e+04,1.728315589989215141e+03
0.000000000000000000e+00,2.818008614241309624e+04,-4.424120009976646543e+03
0.000000000000000000e+00,2.857948552108816875e+04,3.826578972153124596e+03
0.000000000000000000e+00,2.815481737651964067e+04,1.775663079560503093e+03
0.000000000000000000e+00,2.851722810351207590e+04,3.868830947538528108e+03
0.000000000000000000e+00,2.781083158435430960e+04,4.649722127239879228e+03
0.000000000000000000e+00,2.793094108245196185e+04,3.424869281849878007e+03
0.000000000000000000e+00,2.805017229287736336e+04,3.123212198410320070e+03
0.000000000000000000e+00,2.793923388203311697e+04,-4.750306970827985424e+03
0.000000000000000000e+00,2.826321490278658530e+04,-2.426874600130550334e+03
0.000000000000000000e+00,2.755003852350095622e+04,-5.359400209552653905e+03
0.000000000000000000e+00,2.695033211423730609e+04,-5.896051162492846743e+03
0.000000000000000000e+00,2.796564630823463813e+04,-4.878391821284283651e+03
0.000000000000000000e+00,2.824459732330551924e+04,-3.360565577549294176e+03
0.000000000000000000e+00,2.790510454996706540e+04,-4.602717402595000749e+03
0.000000000000000000e+00,2.815581685042466415e+04,7.074338989943396427e+01
0.000000000000000000e+00,2.790737371264487592e+04,-4.586063172817073792e+03
0.000000000000000000e+00,2.826139916076934605e+04,4.570621284410847693e+03
0.000000000000000000e+00,2.809602861418928296e+04,2.423351878698353175e+03
0.000000000000000000e+00,2.813269530834081161e+04,-1.676463219196992611e+02
0.000000000000000000e+00,2.787802190408351453e+04,3.115540120408133134e+03
0.000000000000000000e+00,2.817241353471381080e+04,4.808263904494916460e+03
0.000000000000000000e+00,2.811850987647480724e+04,-1.961525292991775814e+03
0.000000000000000000e+00,2.835537981525905343e+04,-2.699547903320079968e+03
0.000000000000000000e+00,2.785639950733285150e+04,6.916592040119468038e+03
0.000000000000000000e+00,2.818021312268402835e+04,2.464320259419348986e+03
0.000000000000000000e+00,2.786631725309788817e+04,-5.058831912819599893e+03
0.000000000000000000e+00,2.819282539351378728e+04,-2.711238790233572217e+03
0.000000000000000000e+00,2.822197571614585831e+04,-4.906675078518708688e+03
0.000000000000000000e+00,2.787829636797132480e+04,-1.965483348089421042e+03
0.000000000000000000e+00,2.850856505622704935e+04,-2.541944453816501664e+03
0.000000000000000000e+00,2.796553124528942863e+04,-3.421286530926097839e+03
0.000000000000000000e+00,2.838093826144140985e+04,-2.861752884533428642e+03
0.000000000000000000e+00,2.845886206182130627e+04,3.394742631993906798e+03
0.000000000000000000e+00,2.834090609370169113e+04,-3.918379992836868951e+03
0.000000000000000000e+00,2.814194662844555933e+04,2.863362156247617804e+03
0.000000000000000000e+00,2.742805350489323610e+04,6.139746855170347771e+03
0.000000000000000000e+00,2.775814289666054901e+04,2.024895341527278333e+03
0.000000000000000000e+00,2.792164530919141907e+04,9.402934187213325004e+02
0.000000000000000000e+00,2.777286648955905184e+04,1.221908781300881174e+03
0.000000000000000000e+00,2.799601972970868519e+04,-1.457594476415207737e+03
0.000000000000000000e+00,2.770784011651127003e+04,2.240155822708607957e+03
0.000000000000000000e+00,2.765364018276126808e+04,1.693104395870345343e+03
0.000000000000000000e+00,2.831267372483438885e+04,-7.664729471324162660e+02
0.000000000000000000e+00,2.801653624902562296e+04,4.203685666609325722e+02
0.000000000000000000e+00,2.796023284364257415e+04,3.428211492853513391e+02
0.000000000000000000e+00,2.775313300588701168e+04,1.491983961626659720e+03
0.000000000000000000e+00,2.830827619647616302e+04,-2.391504210324789710e+03
0.000000000000000000e+00,2.798025196322214106e+04,-2.072050125251963891e+03
0.000000000000000000e+00,2.856520031255565846e+04,-1.887005264191283231e+03
0.000000000000000000e+00,2.849848455318219931e+04,4.532957761974754249e+03
0.000000000000000000e+00,2.812256421863241849e+04,-2.732261575034673569e+03
0.000000000000000000e+00,2.785052695253083948e+04,3.121009899936454985e+03
0.000000000000000000e+00,2.800304700033420158e+04,-4.173798001730478973e+03
0.000000000000000000e+00,2.826838492777690044e+04,1.138763585835283493e+03
0.000000000000000000e+00,2.810523308458391693e+04,-2.219315315495710820e+03
0.000000000000000000e+00,2.755302973619142722e+04,-5.458847161032754229e+03
0.000000000000000000e+00,2.757816812217629194e+04,-5.400071000914621436e+03
0.000000000000000000e+00,2.836412221257542478e+04,-7.164680782727701853e+02
0.000000000000000000e+00,2.650709072494082648e+04,-5.719990741705481923e+03
0.000000000000000000e+00,2.741976373397761199e+04,-3.331193647981276484e+01
0.000000000000000000e+00,2.668877652467690132e+04,-5.663874675636722714e+03
0.000000000000000000e+00,2.658494654559361152e+04,7.528748719834751682e+03
0.000000000000000000e+00,2.772208132554597978e+04,3.774872055942502698e+02
0.000000000000000000e+00,2.773766072080646700e+04,2.217485418898342289e+02
0.000000000000000000e+00,2.777229245910376994e+04,2.007253567510076891e+03
0.000000000000000000e+00,2.735504842601022392e+04,4.024629133362392622e+03
0.000000000000000000e+00,2.783547320704929007e+04,8.695223445022348585e+01
0.000000000000000000e+00,2.768377144448209947e+04,2.830033641149599589e+03
0.000000000000000000e+00,2.755884193293356657e+04,1.394616756321922139e+03
0.000000000000000000e+00,2.783015615331316076e+04,3.579540212139585833e+02
0.000000000000000000e+00,2.703659481583845991e+04,9.089512686727714026e+03
0.000000000000000000e+00,2.791289232963770701e+04,4.117462417065597720e+02
0.000000000000000000e+00,2.760259946586680599e+04,-2.282347700376340526e+03
0.000000000000000000e+00,2.810010489502314886e+04,-2.237790533657058859e+03
0.000000000000000000e+00,2.793920491418116944e+04,-1.145734295564128189e+02
0.000000000000000000e+00,2.789777825654484332e+04,-7.409577937745909821e+02
0.000000000000000000e+00,2.774045115863420142e+04,-4.379193194172689374e+01
0.000000000000000000e+00,2.858561365044606282e+04,2.202403233328795977e+03
0.000000000000000000e+00,2.855733090298703974e+04,9.292369496352265514e+02
0.000000000000000000e+00,2.863705920627324303e+04,1.601277112672177964e+03
0.000000000000000000e+00,2.851780109880962482e+04,3.334798583820405838e+03
0.000000000000000000e+00,2.806129551139944306e+04,-1.773448441902484092e+03
0.000000000000000000e+00,2.799417182057021637e+04,-4.298807945339168327e+03
0.000000000000000000e+00,2.816898993487189364e+04,4.573730739110663308e+03
0.000000000000000000e+00,2.855381015300275976e+04,-1.080557377474038503e+03
0.000000000000000000e+00,2.737397867701892392e+04,-5.455545953383261804e+03
0.000000000000000000e+00,2.832683686574210878e+04,3.109053554572957637e+03
0.000000000000000000e+00,2.784208709066086885e+04,-4.735757447653953932e+03
0.000000000000000000e+00,2.626931182070857176e+04,9.680634815235376664e+03
0.000000000000000000e+00,2.804053598842516658e+04,4.256535805516732580e+03
0.000000000000000000e+00,2.815823449497746333e+04,-1.228610312146748356e+03
0.000000000000000000e+00,2.875614499381766655e+04,-2.719141611428159649e+03
0.000000000000000000e+00,2.819872695376192496e+04,-1.808450293585557347e+03
0.000000000000000000e+00,2.864031273299240274e+04,-4.556381200388611319e+02
0.000000000000000000e+00,2.749951441078483185e+04,2.344658544106043337e+03
0.000000000000000000e+00,2.883472203046709910e+04,-1.412218976198940027e+03
0.000000000000000000e+00,2.807469337761506904e+04,4.872098690586652765e+02
0.000000000000000000e+00,2.840864628652358442e+04,1.416300521637123211e+03
0.000000000000000000e+00,2.823318423479156263e+04,-3.793502222606331543e+03
0.000000000000000000e+00,2.772488396460985314e+04,5.178172968863936148e+03
0.000000000000000000e+00,2.856076268502985113e+04,-2.398840625940238738e+02
0.000000000000000000e+00,2.837372557180839067e+04,1.545222147811001534e+00
0.000000000000000000e+00,2.719131041924204328e+04,-2.993355204966336714e+03
0.000000000000000000e+00,2.839555139578302988e+04,-1.440314056746007623e+02
0.000000000000000000e+00,2.707924843483677614e+04,6.993945304477043123e+01
0.000000000000000000e+00,2.881020312018279947e+04,-1.840481678682365327e+03
0.000000000000000000e+00,2.822431154793352471e+04,9.501394009681180250e+02
0.000000000000000000e+00,2.884356933069110892e+04,-1.864837813253707054e+03
0.000000000000000000e+00,2.819509652430017741e+04,-3.617287438714549808e+03
0.000000000000000000e+00,2.786741198991189958e+04,-5.127695314247802344e+03
0.000000000000000000e+00,2.840009638274673489e+04,7.986783324676333677e+02
0.000000000000000000e+00,2.795799683356214882e+04,-5.046478499007774190e+03
0.000000000000000000e+00,2.818611558528395835e+04,-2.433610497376473177e+03
0.000000000000000000e+00,2.857775402990534712e+04,2.123266078541351362e+03
0.000000000000000000e+00,2.703683614993334413e+04,7.655583194488482150e+03
0.000000000000000000e+00,2.802780986899816708e+04,-4.486057731227775548e+03
0.000000000000000000e+00,2.795885905290384471e+04,-4.988824849264156001e+03
0.000000000000000000e+00,2.790201395394347855e+04,-4.368428747918680529e+03
0.000000000000000000e+00,2.797164257466044000e+04,-3.558487353758228892e+03
0.000000000000000000e+00,2.808073756482337922e+04,-4.269244685639713680e+03
0.000000000000000000e+00,2.839569502395447125e+04,-6.916494158218787334e+02
0.000000000000000000e+00,2.812097921223197045e+04,2.744211177937282173e+03
0.000000000000000000e+00,2.793784465227807959e+04,-2.456116002739282067e+03
0.000000000000000000e+00,2.803378921998607620e+04,-2.747752326861696019e+03
0.000000000000000000e+00,2.827381370542171135e+04,-9.717276959077897800e+02
0.000000000000000000e+00,2.802953586044015901e+04,-2.767010233501046514e+03
0.000000000000000000e+00,2.808891117471625694e+04,-2.804066711974850477e+03
0.000000000000000000e+00,2.812070750183071505e+04,7.043493942333610676e+02
0.000000000000000000e+00,2.787353896539573907e+04,3.637133278542306471e+03
0.000000000000000000e+00,2.810930597891197249e+04,-2.720947829308019209e+03
0.000000000000000000e+00,2.792711846605390383e+04,-4.652168530245465263e+03
0.000000000000000000e+00,2.810336470485362588e+04,-2.233768052891619845e+03
0.000000000000000000e+00,2.790828953077400729e+04,-3.889507782152025811e+03
0.000000000000000000e+00,2.763206905264785746e+04,5.810150100895749347e+03
0.000000000000000000e+00,2.690716654049757562e+04,8.768072701967332250e+03
0.000000000000000000e+00,2.796417816433177359e+04,3.471658093739769811e+03
0.000000000000000000e+00,2.758711177837581272e+04,-4.801306251318902468e+03
0.000000000000000000e+00,2.833227805732042543e+04,-1.819925716978060564e+03
0.000000000000000000e+00,2.819174683486098365e+04,1.131270925319121488e+03
0.000000000000000000e+00,2.850748844307929176e+04,5.624681817833583182e+02
0.000000000000000000e+00,2.831256396290466364e+04,8.953391494514097531e+02
0.000000000000000000e+00,2.812592649453191552e+04,-3.904687004242025978e+03
0.000000000000000000e+00,2.817065062852033589e+04,8.393709104091684594e+02
0.000000000000000000e+00,2.786202597114456512e+04,5.957701029776271753e+03
0.000000000000000000e+00,2.827616801796183790e+04,-3.858539939421730196e+03
0.000000000000000000e+00,2.834529405617271550e+04,-2.547406262169645288e+02
0.000000000000000000e+00,2.782504823314715759e+04,4.365641767512403931e+03
0.000000000000000000e+00,2.849439523869793265e+04,-2.827750121163000586e+03
0.000000000000000000e+00,2.414410208054684335e+04,8.365475565540029493e+03
0.000000000000000000e+00,2.809101234261998616e+04,1.540410713792037768e+03
0.000000000000000000e+00,2.831547299539742744e+04,2.131504669948801620e+03
0.000000000000000000e+00,2.815645023862957169e+04,9.593137520751765805e+02
0.000000000000000000e+00,2.842393510327816693e+04,-9.519472436278531404e+02
0.000000000000000000e+00,2.830383858949434580e+04,-3.351997136237821451e+03
0.000000000000000000e+00,2.805846300752321622e+04,-2.885991970075882818e+03
0.000000000000000000e+00,2.790350159640733546e+04,-4.824674969394121035e+03
0.000000000000000000e+00,2.828425426299188985e+04,-2.053544624829198256e+03
0.000000000000000000e+00,2.869415071536628966e+04,1.000241695149691054e+03
0.000000000000000000e+00,2.812281388221558882e+04,-3.903650496595650111e+03
0.000000000000000000e+00,2.854823738512589262e+04,-1.921386202744511365e+03
0.000000000000000000e+00,2.655578768171850243e+04,-4.097817847904792870e+03
0.000000000000000000e+00,2.667163397661859926e+04,-2.739453533123659327e+03
0.000000000000000000e+00,2.660148391979584630e+04,-3.543612297217434843e+03
0.000000000000000000e+00,2.599790517302519947e+04,6.970131436133800889e+03
0.000000000000000000e+00,2.834759283972021876e+04,-3.260525077079198127e+03
0.000000000000000000e+00,2.748056821198895705e+04,3.003436675102739173e+03
0.000000000000000000e+00,2.809008404577401598e+04,-4.403171982016812763e+03
0.000000000000000000e+00,2.809366791650636151e+04,-3.847880170599457870e+03
0.000000000000000000e+00,2.565854592215327284e+04,8.980268680761348151e+03
0.000000000000000000e+00,2.771632804714606391e+04,-1.010471332165422041e+03
0.000000000000000000e+00,2.796227817442986998e+04,3.164436094061067251e+03
0.000000000000000000e+00,2.764130958101118085e+04,8.150760617914066586e+01
0.000000000000000000e+00,2.724426727317690165e+04,1.845468267569813406e+03
0.000000000000000000e+00,2.747912734829981127e+04,1.364518959422045327e+03
0.000000000000000000e+00,2.707316325627327751e+04,-1.858474783050944779e+03
0.000000000000000000e+00,2.825658012998276172e+04,2.115259152724897831e+03
0.000000000000000000e+00,2.809571570248508215e+04,-3.704384751852039244e+03
0.000000000000000000e+00,2.805312685980516108e+04,-4.117955992984053410e+03
0.000000000000000000e+00,2.817485478014758701e+04,4.076268860636592990e+02
0.000000000000000000e+00,2.833490840342465162e+04,-3.125141344260537608e+03
0.000000000000000000e+00,2.792032093630595045e+04,-4.966399437877997116e+03
0.000000000000000000e+00,2.811699295503632311e+04,-4.253320233101833765e+03
0.000000000000000000e+00,2.787092164847616368e+04,-4.578594957149077345e+03
0.000000000000000000e+00,2.816773614742157952e+04,6.181303693080464654e+03
0.000000000000000000e+00,2.824486715843337879e+04,2.287313521360925961e+01
0.000000000000000000e+00,2.817927317703230074e+04,-2.245830215250615311e+03
0.000000000000000000e+00,2.806968076824528544e+04,-4.085856278275814475e+03
0.000000000000000000e+00,2.820468534902901592e+04,-2.812849306212135616e+03
0.000000000000000000e+00,2.746517511781291250e+04,7.537198898272999031e+03
0.000000000000000000e+00,2.788062634581091334e+04,4.637133395637924878e+03
0.000000000000000000e+00,2.811881499633579006e+04,-4.084109906290570507e+03
0.000000000000000000e+00,2.794474806400254965e+04,4.476416829746129224e+03
0.000000000000000000e+00,2.842155908123482368e+04,1.002798439202740155e+03
0.000000000000000000e+00,2.807022187345223938e+04,-4.287743401799157255e+03
0.000000000000000000e+00,2.844388029922602436e+04,-2.017610430057808117e+03
0.000000000000000000e+00,2.808990336425162241e+04,-4.070016088983590180e+03
0.000000000000000000e+00,2.820899107125886076e+04,-2.925765659206242162e+03
0.000000000000000000e+00,2.842946425113752048e+04,1.300227412431301673e+03
0.000000000000000000e+00,2.773367742569904294e+04,6.638243998957520944e+02
0.000000000000000000e+00,2.787881790198398085e+04,2.993534846950698238e+02
0.000000000000000000e+00,2.777480388697580565e+04,2.466085321531452053e+02
0.000000000000000000e+00,2.788197959822580742e+04,-3.856601793251486015e+03
0.000000000000000000e+00,2.792852543675309789e+04,-1.499029747005746685e+03
0.000000000000000000e+00,2.831117824970704896e+04,5.565722889712316146e+02
0.000000000000000000e+00,2.810459083703394208e+04,-3.353928832101911212e+03
0.000000000000000000e+00,2.604029822809637335e+04,8.194547771462979654e+03
0.000000000000000000e+00,2.810335230149946437e+04,-3.651179286264190068e+03
0.000000000000000000e+00,2.625385977346783693e+04,-5.783202959332970750e+03
0.000000000000000000e+00,2.691535974864818127e+04,-5.431809301992711880e+03
0.000000000000000000e+00,2.690155344486355534e+04,-5.294351909575749232e+03
0.000000000000000000e+00,2.678884124548786349e+04,-5.155397605502332226e+03
0.000000000000000000e+00,2.784415724000451883e+04,-4.811516454146682918e+03
0.000000000000000000e+00,2.835749553011502940e+04,-1.644386194256893987e+03
0.000000000000000000e+00,2.761778546658215055e+04,-5.346272162413445585e+03
0.000000000000000000e+00,2.811649314077247618e+04,-4.381960878443620459e+03
0.000000000000000000e+00,2.635933249817249816e+04,9.744351297818369858e+03
0.000000000000000000e+00,2.749061099466929954e+04,-4.544195967412820778e+02
0.000000000000000000e+00,2.773055329286969936e+04,3.505535945364685517e+02
0.000000000000000000e+00,2.776908574359579507e+04,-5.129540959384453345e+03
0.000000000000000000e+00,2.827709435162393856e+04,2.489477369844512396e+03
0.000000000000000000e+00,2.716944767583746579e+04,3.015859377226078323e+03
0.000000000000000000e+00,2.760678033226170737e+04,2.225281944563496381e+02
0.000000000000000000e+00,2.782668639418362727e+04,-4.370885565915376901e+03
0.000000000000000000e+00,2.765653672365099192e+04,-4.192891485181856979e+02
0.000000000000000000e+00,2.789801730039765971e+04,-4.560897889449149261e+03
0.000000000000000000e+00,2.497792226806023973e+04,8.815156847387328526e+03
0.000000000000000000e+00,2.734596923333820087e+04,8.966799689617657350e+03
0.000000000000000000e+00,2.754543746146872218e+04,2.926603318942162332e+03
0.000000000000000000e+00,2.788265213916981520e+04,-1.695053629450432595e+02
0.000000000000000000e+00,2.860433402036684856e+04,-1.487132881719189754e+03
0.000000000000000000e+00,2.791330473112098844e+04,1.141199034786302065e+02
0.000000000000000000e+00,2.796305363137362292e+04,-3.265219598694701745e+03
0.000000000000000000e+00,2.840283084453125048e+04,-2.009963480975060065e+03
0.000000000000000000e+00,2.813050633309869227e+04,2.985854872941189342e+02
0.000000000000000000e+00,2.817380774582916274e+04,-4.117784005473126854e+03
0.000000000000000000e+00,2.813310607900001560e+04,3.800669767861710966e+02
0.000000000000000000e+00,2.737210108321974622e+04,-5.641094462044230568e+03
0.000000000000000000e+00,2.820431916949345759e+04,-3.609136013378935331e+03
0.000000000000000000e+00,2.750646193124346973e+04,-5.545740294418490521e+03
0.000000000000000000e+00,2.829722765062805047e+04,1.438926246030700440e+03
0.000000000000000000e+00,2.795187880829455025e+04,-1.324338711605888420e+03
0.000000000000000000e+00,2.789352873368251312e+04,3.445774338048564118e+02
0.000000000000000000e+00,2.803708165430192457e+04,1.689210254934652653e+02
0.000000000000000000e+00,2.800150764152552802e+04,3.798945629851367585e+02
0.000000000000000000e+00,2.777830065282022042e+04,2.855686273968084606e+03
0.000000000000000000e+00,2.786147633170061454e+04,1.302896606182092910e+03
0.000000000000000000e+00,2.849517056283956845e+04,3.686269135247261602e+03
0.000000000000000000e+00,2.766849615337623254e+04,1.809475276526143716e+03
0.000000000000000000e+00,2.774714410901409065e+04,9.067144463374397674e+02
0.000000000000000000e+00,2.754494410503592371e+04,-3.586600056071764357e+03
0.000000000000000000e+00,2.759384464744988873e+04,-2.815121260703471762e+03
0.000000000000000000e+00,2.790365213784846128e+04,1.473286953857790650e+03
0.000000000000000000e+00,2.759155677068226942e+04,8.833795471019259367e+02
0.000000000000000000e+00,2.756457257682353884e+04,-4.613665121127663042e+03
0.000000000000000000e+00,2.708406759558827616e+04,3.203881417786379188e+03
0.000000000000000000e+00,2.780586766489017464e+04,2.319265011322177997e+03
0.000000000000000000e+00,2.809617150701826540e+04,-1.722840732388029437e+03
0.000000000000000000e+00,2.827041335390087625e+04,-3.402347052279836589e+03
0.000000000000000000e+00,2.813947601506966748e+04,6.703038027909714174e+02
0.000000000000000000e+00,2.692818292454300899e+04,9.041511186656442078e+03
0.000000000000000000e+00,2.812969889239913027e+04,4.877068486364879391e+03
0.000000000000000000e+00,2.772571487255789907e+04,-1.608260440631935126e+03
0.000000000000000000e+00,2.784706676693680129e+04,4.914009581116555637e+03
0.000000000000000000e+00,2.837733193074431256e+04,-2.937769028526887723e+03
0.000000000000000000e+00,2.827419950800463994e+04,3.805447079013031271e+02
0.000000000000000000e+00,2.735840053652602728e+04,7.228338675402997069e+03
0.000000000000000000e+00,2.811461346021925783e+04,3.275475574915656125e+03
0.000000000000000000e+00,2.710234031899424735e+04,8.616353279909295452e+03
0.000000000000000000e+00,2.651978452317518895e+04,-1.260132267596099837e+03
0.000000000000000000e+00,2.832694725642610501e+04,-1.072214381098713602e+03
0.000000000000000000e+00,2.646353032902476843e+04,-1.263075989408717760e+03
0.000000000000000000e+00,2.648962409037992256e+04,-1.091868736060152287e+03
0.000000000000000000e+00,2.648863502076150689e+04,-2.636792037240702939e+03
0.000000000000000000e+00,2.829989431329446961e+04,-3.400407215567327057e+03
0.000000000000000000e+00,2.657766969070219784e+04,-1.303036394075129238e+03
0.000000000000000000e+00,2.600253022823353240e+04,6.468621677122177061e+03
0.000000000000000000e+00,2.744782497227928252e+04,-5.553797314244590780e+03
0.000000000000000000e+00,2.790317326845706702e+04,-4.960787641939031346e+03
0.000000000000000000e+00,2.834186337819006076e+04,4.130081268258352793e+03
0.000000000000000000e+00,2.751902891638784422e+04,-5.538897294897985375e+03
0.000000000000000000e+00,2.817481587838094129e+04,6.748326811990155875e+03
0.000000000000000000e+00,2.743098820421945493e+04,-5.658578651146333868e+03
0.000000000000000000e+00,2.813207059225437843e+04,-2.939768666574419967e+03
0.000000000000000000e+00,2.774855749712549368e+04,-4.663889070632444600e+03
0.000000000000000000e+00,2.829464463360336958e+04,-2.904248872620165912e+03
0.000000000000000000e+00,2.822942722770469481e+04,-4.018615273323081851e+02
0.000000000000000000e+00,2.806053379233199303e+04,-2.941974900267157409e+03
0.000000000000000000e+00,2.830264622344163217e+04,-8.870777511287164998e+02
0.000000000000000000e+00,2.806235355767163492e+04,-2.897188118516382019e+03
0.000000000000000000e+00,2.789271639789767505e+04,2.823729057597579413e+03
0.000000000000000000e+00,2.789480760565641685e+04,-4.159296295607742650e+03
0.000000000000000000e+00,2.809353863021789948e+04,-4.379499870170023428e+02
0.000000000000000000e+00,2.829506081668566549e+04,-2.360062044544182299e+03
0.000000000000000000e+00,2.854170318467671314e+04,-1.891833184523984528e+03
0.000000000000000000e+00,2.816662919651159609e+04,-3.995495847041909201e+03
0.000000000000000000e+00,2.856233777527826533e+04,-9.389562880152310527e+02
0.000000000000000000e+00,2.851629214213251180e+04,-3.309399742344913193e+03
0.000000000000000000e+00,2.821255132647923529e+04,-1.831059751046121391e+03
0.000000000000000000e+00,2.808433431185079462e+04,-2.647167715044031866e+03
0.000000000000000000e+00,2.767864240771676486e+04,8.067213819487747060e+03
0.000000000000000000e+00,2.803872173899021800e+04,-1.296977055964973715e+03
0.000000000000000000e+00,2.791606225828789320e+04,-3.090193172829498508e+03
0.000000000000000000e+00,2.797786618473007547e+04,-1.480043812763299229e+03
0.000000000000000000e+00,2.776487442082548296e+04,-4.537339484592352164e+03
0.000000000000000000e+00,2.837460441580619226e+04,4.702035992629213069e+03
0.000000000000000000e+00,2.782822419378263294e+04,8.473100558159407001e+02
0.000000000000000000e+00,2.789342884833240532e+04,2.843438904259706760e+03
0.000000000000000000e+00,2.490881629433119815e+04,9.633688294189001681e+03
0.000000000000000000e+00,2.802075525322095928e+04,6.494359036112539798e+03
0.000000000000000000e+00,2.848843218002747744e+04,4.540011069731083808e+03
0.000000000000000000e+00,2.843979870378702253e+04,9.895929906494478701e+02
0.000000000000000000e+00,2.857232301074556017e+04,-1.107956410902021016e+00
0.000000000000000000e+00,2.770921552536257877e+04,-3.440106594719860823e+03
0.000000000000000000e+00,2.782774894665007014e+04,-1.438871096598573729e+02
0.000000000000000000e+00,2.808915770356577195e+04,-6.507478356124746597e+02
0.000000000000000000e+00,2.784974606675725590e+04,2.292581594366253739e+03
0.000000000000000000e+00,2.790982001480392864e+04,-2.976408480964003616e+02
0.000000000000000000e+00,2.788889379209465551e+04,-4.856184547932953137e+03
0.000000000000000000e+00,2.802433149117945504e+04,-3.971342805260301702e+03
0.000000000000000000e+00,2.816503315104189824e+04,-2.518450203291209164e+03
0.000000000000000000e+00,2.775339505333827037e+04,-5.390988844550705608e+02
0.000000000000000000e+00,2.788828723299058038e+04,3.927256367733897150e+03
0.000000000000000000e+00,2.825729387857526672e+04,-3.620259734088558162e+03
0.000000000000000000e+00,2.826941012718380443e+04,-2.597729793112943071e+02
0.000000000000000000e+00,2.813070987710818372e+04,8.597643883338269006e+02
0.000000000000000000e+00,2.735062335545522001e+04,-5.582830496901477090e+03
0.000000000000000000e+00,2.798436032030262504e+04,1.174605017153117842e+03
0.000000000000000000e+00,2.704890376908476173e+04,-5.706733741811784967e+03
0.000000000000000000e+00,2.790167164093296378e+04,-4.540661582131199793e+03
0.000000000000000000e+00,2.798928716408053151e+04,1.351737908376843734e+03
0.000000000000000000e+00,2.818673124031164116e+04,4.698458060394435961e+03
0.000000000000000000e+00,2.860271934535010223e+04,1.882621274549536793e+03
0.000000000000000000e+00,2.790568955911624653e+04,6.325476230788961402e+03
0.000000000000000000e+00,2.795123498219121029e+04,3.060263592188304756e+03
0.000000000000000000e+00,2.844887672330657006e+04,4.730233419396779027e+03
0.000000000000000000e+00,2.830127110164455371e+04,-3.755835327472706467e+03
0.000000000000000000e+00,2.840759543197150560e+04,-8.289488848009539197e+02
0.000000000000000000e+00,2.837881836789373483e+04,-2.605183282647418764e+03
0.000000000000000000e+00,2.779037629424724946e+04,3.739969963372768689e+03
0.000000000000000000e+00,2.811307273904401882e+04,-4.474996016665740171e+03
0.000000000000000000e+00,2.813556904854081586e+04,-2.728353474756447213e+03
0.000000000000000000e+00,2.844248368897821638e+04,-2.705414993194501221e+03
0.000000000000000000e+00,2.789760514424827852e+04,-4.919790574431003733e+03
0.000000000000000000e+00,2.801304137020333656e+04,-9.173221744724936855e+01
0.000000000000000000e+00,2.815311033035201763e+04,2.091606880320986875e+03
0.000000000000000000e+00,2.788232819458251470e+04,-3.156063071268034491e+03
0.000000000000000000e+00,2.813354556632986350e+04,2.502444659513142597e+03
0.000000000000000000e+00,2.743189789365918477e+04,-5.320109018035429472e+03
0.000000000000000000e+00,2.808855132612423040e+04,-1.216853674970789825e+03
0.000000000000000000e+00,2.815887589023212786e+04,-3.049115440178166864e+03
0.000000000000000000e+00,2.811181348932376204e+04,-2.885185436799099534e+03
0.000000000000000000e+00,2.860637166919361334e+04,3.894355064613975628e+03
0.000000000000000000e+00,2.860477866097091464e+04,-3.052328316076255760e+03
0.000000000000000000e+00,2.854249732259224402e+04,-8.789407771657707826e+02
0.000000000000000000e+00,2.819467080505856575e+04,5.080171055252640144e+03
0.000000000000000000e+00,2.835559837736651389e+04,4.834155681071576510e+03
0.000000000000000000e+00,2.861927399674762273e+04,1.793811803377912497e+02
0.000000000000000000e+00,2.800506933615720845e+04,5.404906629454731046e+03
0.000000000000000000e+00,2.879446624899708331e+04,7.731737254853230823e+00
0.000000000000000000e+00,2.783229455158186465e+04,-5.047371056463219247e+03
0.000000000000000000e+00,2.794124145556035364e+04,6.108552168903147503e+03
0.000000000000000000e+00,2.783451705478721124e+04,-5.066672899165559102e+03
0.000000000000000000e+00,2.807546133796834692e+04,-1.223417542028405478e+03
0.000000000000000000e+00,2.814946272298194162e+04,-1.222960950293132782e+03
0.000000000000000000e+00,2.723965447873973244e+04,6.414954677774730044e+03
0.000000000000000000e+00,2.795331898382891086e+04,-4.295320193644859501e+03
0.000000000000000000e+00,2.645000565009048296e+04,8.525927355410429300e+03
0.000000000000000000e+00,2.785986763751670878e+04,-2.607139308558117136e+03
0.000000000000000000e+00,2.782144618182330669e+04,-3.559057478262338464e+03
0.000000000000000000e+00,2.793817103646940450e+04,-2.682002359501961564e+03
0.000000000000000000e+00,2.783284383649547817e+04,-2.823669762418996925e+03
0.000000000000000000e+00,2.659594160022723736e+04,8.878389542306158546e+03
0.000000000000000000e+00,2.765701401389091188e+04,-5.581126764689888660e+02
0.000000000000000000e+00,2.877390050683031950e+04,3.870307831685610722e+01
0.000000000000000000e+00,2.830083421699328028e+04,6.020515718461340384e+02
0.000000000000000000e+00,2.766158195719358991e+04,-3.704262765083575687e+03
0.000000000000000000e+00,2.769740515940387922e+04,-1.346292145867675345e+03
0.000000000000000000e+00,2.864412058022934070e+04,-7.909375110003104510e+02
0.000000000000000000e+00,2.757570099802766708e+04,-5.381110378901547847e+03
0.000000000000000000e+00,2.792912371853040531e+04,-4.837577484273008849e+03
0.000000000000000000e+00,2.794799448745619520e+04,-2.331060082210622568e+03
0.000000000000000000e+00,2.798574120882994612e+04,-4.094172049328897174e+03
0.000000000000000000e+00,2.736719190133892698e+04,-5.170528441086415114e+03
0.000000000000000000e+00,2.805268598858179757e+04,-1.698961916997324579e+03
0.000000000000000000e+00,2.863232733709997410e+04,-2.692712030651429359e+03
0.000000000000000000e+00,2.864736862379646846e+04,-2.781401372930390153e+03
0.000000000000000000e+00,2.871097855047771009e+04,-2.375216364757900465e+03
0.000000000000000000e+00,2.746472756399325590e+04,4.923618205220324853e+03
0.000000000000000000e+00,2.692379461646973505e+04,-5.454675439099478353e+03
0.000000000000000000e+00,2.732476107719001448e+04,-1.207215964680959360e+03
0.000000000000000000e+00,2.680369742095735637e+04,-5.319358247108595606e+03
0.000000000000000000e+00,2.843626573206997273e+04,3.662110557601197797e+03
0.000000000000000000e+00,2.712526959050006917e+04,9.025302337477427500e+03
0.000000000000000000e+00,2.845544627097267949e+04,-6.306334678458517828e+02
0.000000000000000000e+00,2.784019799154487191e+04,1.236822844559948749e+02
0.000000000000000000e+00,2.779000803706582519e+04,1.829011396583013720e+03
0.000000000000000000e+00,2.804741808894757924e+04,-1.351481333510853119e+03
0.000000000000000000e+00,2.847979421283375632e+04,5.905575574001949946e+01
0.000000000000000000e+00,2.764438189119463641e+04,-5.228025752584715519e+03
0.000000000000000000e+00,2.804995358538387882e+04,-7.913459971133228521e+01
0.000000000000000000e+00,2.797430765150599109e+04,-1.433762379545450813e+03
0.000000000000000000e+00,2.782406204851499933e+04,5.741859569935634227e+02
0.000000000000000000e+00,2.817506535217614146e+04,9.663294458334476076e+02
0.000000000000000000e+00,2.795391856860182816e+04,-3.497661422326044658e+02
0.000000000000000000e+00,2.774737580008539589e+04,-1.463864488999061564e+02
0.000000000000000000e+00,2.775733259030172485e+04,-7.920301817304085716e+02
0.000000000000000000e+00,2.756257662707868803e+04,1.872520275994858821e+03
0.000000000000000000e+00,2.590355816649028566e+04,9.069168148487908184e+03
0.000000000000000000e+00,2.781062203676615900e+04,-1.336811172795373750e+03
0.000000000000000000e+00,2.779625346930096930e+04,-1.575749733604928451e+03
0.000000000000000000e+00,2.853284859999207765e+04,-1.960867451800035951e+03
0.000000000000000000e+00,2.841569718741848919e+04,-2.041483182953627193e+03
0.000000000000000000e+00,2.805968402362616689e+04,-4.299518786103351886e+03
0.000000000000000000e+00,2.795817093888613090e+04,-4.992565815056883366e+03
0.000000000000000000e+00,2.768732828537327805e+04,-4.671757640385650120e+03
0.000000000000000000e+00,2.772564465108077275e+04,-7.073882747301904601e+02
0.000000000000000000e+00,2.805019921685540976e+04,1.626071818603497604e+03
0.000000000000000000e+00,2.804399111480424472e+04,-1.360236940278719658e+03
0.000000000000000000e+00,2.882403555799829701e+04,7.941046554403455957e+02
0.000000000000000000e+00,2.771875463674087950e+04,6.226125113537986181e+03
0.000000000000000000e+00,2.808378092401169124e+04,5.237874755959810500e+03
0.000000000000000000e+00,2.860102524396734225e+04,1.724329925732263973e+03
0.000000000000000000e+00,2.847299718321025284e+04,-3.706865482897218499e+03
0.000000000000000000e+00,2.708117160013165631e+04,9.066253015823678652e+03
0.000000000000000000e+00,2.823777319422651271e+04,8.011220510671234933e+02
0.000000000000000000e+00,2.808367013812970981e+04,-1.214746113426991087e+03
0.000000000000000000e+00,2.786557268589842352e+04,6.290910411967801338e+03
0.000000000000000000e+00,2.863145943561464446e+04,2.337713607071138085e+03
0.000000000000000000e+00,2.796681541425247269e+04,-3.269709659137364724e+03
0.000000000000000000e+00,2.782820376789601505e+04,-4.919498336246625513e+03
0.000000000000000000e+00,2.797343646286310468e+04,-5.069502432448081777e+02
0.000000000000000000e+00,2.766789045583168627e+04,-4.007280668252672058e+03
0.000000000000000000e+00,2.789569135042302878e+04,-2.597014571396472093e+03
0.000000000000000000e+00,2.889037864483791782e+04,-3.210509729054477930e+02
0.000000000000000000e+00,2.795782599165618740e+04,1.185058183560603538e+03
0.000000000000000000e+00,2.887884985446708743e+04,-2.926405783817666588e+02
0.000000000000000000e+00,2.804683852463926451e+04,-2.097976838784079064e+03
0.000000000000000000e+00,2.772587259573804113e+04,2.849716430491099345e+03
0.000000000000000000e+00,2.805956028292222618e+04,-2.096124558183225417e+03
0.000000000000000000e+00,2.796816916224688975e+04,-2.749753034238689452e+03
0.000000000000000000e+00,2.803829724197840551e+04,-3.331701341988770650e+02
0.000000000000000000e+00,2.792582987467556813e+04,3.090336546358793385e+03
0.000000000000000000e+00,2.764428136570213246e+04,-3.698147469159069715e+03
0.000000000000000000e+00,2.596085438992182026e+04,8.828497596894438175e+03
0.000000000000000000e+00,2.840287003399944660e+04,-1.206974098937232611e+03
0.000000000000000000e+00,2.813987527475344541e+04,3.600546860569167620e+03
0.000000000000000000e+00,2.837387946352719518e+04,-9.640369566356293944e+02
0.000000000000000000e+00,2.829101765719023751e+04,6.790217578332243420e+02
0.000000000000000000e+00,2.831084546847693491e+04,7.476799365346709010e+02
0.000000000000000000e+00,2.841857519284343653e+04,-9.888324402368812116e+02
0.000000000000000000e+00,2.845592285773618642e+04,-8.197747312677309992e+02
0.000000000000000000e+00,2.801058778480378533e+04,-4.578186018926432553e+03
0.000000000000000000e+00,2.829756910180112754e+04,-2.708511679354071930e+03
0.000000000000000000e+00,2.774862066778932058e+04,-2.773783987542928116e+03
0.000000000000000000e+00,2.810961680908185735e+04,8.983677651377965958e+02
0.000000000000000000e+00,2.834817600332571965e+04,4.697439946120288369e+03
0.000000000000000000e+00,2.811038014329715952e+04,-4.110149191766990043e+03
0.000000000000000000e+00,2.826343811884782554e+04,-7.141843446513369145e+02
0.000000000000000000e+00,2.813525297231174045e+04,6.378235125971101297e+03
0.000000000000000000e+00,2.771054501324663943e+04,5.469160365806257687e+03
0.000000000000000000e+00,2.820445079350440210e+04,-8.623194784913997637e+02
0.000000000000000000e+00,2.859214182093962154e+04,-3.198658649558721208e+03
0.000000000000000000e+00,2.796719155012327610e+04,-1.120903585023700316e+03
0.000000000000000000e+00,2.779709301983912883e+04,1.085139979023398610e+03
0.000000000000000000e+00,2.742761369266081601e+04,-1.724077152303599178e+03
0.000000000000000000e+00,2.709153385215502203e+04,3.574448975614323899e+03
0.000000000000000000e+00,2.771437724879292000e+04,-2.301598197913745025e+03
0.000000000000000000e+00,2.728095574416015370e+04,3.460189868102047967e+03
0.000000000000000000e+00,2.768028612163989965e+04,-2.435330984211623218e+03
0.000000000000000000e+00,2.767929820393509726e+04,-2.147388878617066439e+03
0.000000000000000000e+00,2.557210314661642042e+04,9.443473100575525677e+03
0.000000000000000000e+00,2.734496182632771888e+04,7.249800411972773873e+03
0.000000000000000000e+00,2.794980471409293023e+04,-9.955426231974470284e+02
0.000000000000000000e+00,2.793192553689012129e+04,-1.014307210826682649e+03
0.000000000000000000e+00,2.740951112689729416e+04,7.426075321315238398e+03
0.000000000000000000e+00,2.822498056681132948e+04,-3.062011789538198627e+03
0.000000000000000000e+00,2.808574531270298030e+04,2.007632803078904544e+03
0.000000000000000000e+00,2.809722154321498238e+04,-4.097658830341420980e+03
0.000000000000000000e+00,2.766872890473545704e+04,-1.233525056510280535e+02
0.000000000000000000e+00,2.780722722831020656e+04,8.522043831585772296e+02
0.000000000000000000e+00,2.772056098004681917e+04,-4.648391127184228935e+03
0.000000000000000000e+00,2.732479933344261735e+04,-5.576725604477737761e+03
0.000000000000000000e+00,2.813875129576834297e+04,1.365304674560662477e+02
0.000000000000000000e+00,2.720100150099119855e+04,-5.704592414196645223e+03
0.000000000000000000e+00,2.748434810233523604e+04,-5.608578840417684660e+03
0.000000000000000000e+00,2.770240643955691121e+04,-5.322767614720472011e+03
0.000000000000000000e+00,2.725461829766635492e+04,-5.469724718409389425e+03
0.000000000000000000e+00,2.888472808163967056e+04,-3.704788317446704013e+02
0.000000000000000000e+00,2.877503725697714253e+04,8.838126742925174995e+02
0.000000000000000000e+00,2.882992963262917692e+04,-5.174503180871422501e+02
0.000000000000000000e+00,2.881982710472558028e+04,1.632938141491083570e+02
0.000000000000000000e+00,2.792337986621824894e+04,5.876757079080779249e+02
0.000000000000000000e+00,2.782823116510338150e+04,1.168361926637301877e+02
0.000000000000000000e+00,2.789128418608503125e+04,-9.386389678274875337e+01
0.000000000000000000e+00,2.778438675855248584e+04,6.860424435412235653e+03
0.000000000000000000e+00,2.768096446739308522e+04,1.778155540238201183e+03
0.000000000000000000e+00,2.777870372781744300e+04,6.879047797008117868e+02
1.000000000000000000e+00,2.603499958179108944e+04,5.520565135669725350e+03
1.000000000000000000e+00,2.474008021947291854e+04,6.483518654647856238e+03
1.000000000000000000e+00,2.581959513097708987e+04,5.787863155360970268e+03
1.000000000000000000e+00,2.574554116839815833e+04,5.688466344256064076e+03
1.000000000000000000e+00,2.535485790559075031e+04,6.249101607115398110e+03
1.000000000000000000e+00,2.408538746549539428e+04,9.206100624259579490e+03
1.000000000000000000e+00,2.568877732580709198e+04,6.228176017785367549e+03
1.000000000000000000e+00,2.623989872358684806e+04,2.336153424973967049e+03
1.000000000000000000e+00,2.483031089473368411e+04,9.505277446558158772e+03
1.000000000000000000e+00,2.598788972033868777e+04,6.728590383309020581e+03
1.000000000000000000e+00,2.865266197316355101e+04,-1.233756845786614576e+03
1.000000000000000000e+00,2.793596535694540944e+04,3.677764488763513782e+03
1.000000000000000000e+00,2.530333799543896021e+04,9.501131490195990409e+03
1.000000000000000000e+00,2.834100811022604466e+04,-1.959101550920444652e+03
1.000000000000000000e+00,2.672178945220564856e+04,6.134774242390383733e+03
1.000000000000000000e+00,2.690825503553650196e+04,5.296059720304154325e+03
1.000000000000000000e+00,2.686068652249072693e+04,4.920953543366531449e+03
1.000000000000000000e+00,2.755772558520066741e+04,4.249565582579202783e+03
1.000000000000000000e+00,2.586946355357906577e+04,6.293082366092499797e+03
1.000000000000000000e+00,2.777945497575553964e+04,4.577290516015396861e+03
1.000000000000000000e+00,2.679779658753452895e+04,5.493878606754715292e+03
1.000000000000000000e+00,2.551573909232951337e+04,9.383706628535062919e+03
1.000000000000000000e+00,2.845878658637222543e+04,-4.256584636586977410e+01
1.000000000000000000e+00,2.681962411969543973e+04,5.954293481981807417e+03
1.000000000000000000e+00,2.367928408876063622e+04,6.750018617091506712e+03
1.000000000000000000e+00,2.787431872234021648e+04,-1.767134122400063688e+03
1.000000000000000000e+00,2.777281744949943823e+04,4.458475820373237184e+03
1.000000000000000000e+00,2.287520444275484624e+04,-5.414112240131947146e+03
1.000000000000000000e+00,2.684807618182213992e+04,8.858340073086743359e+03
1.000000000000000000e+00,2.620208160156026133e+04,7.152190843699295328e+03
1.000000000000000000e+00,2.766331046899504872e+04,3.246573957358459211e+03
1.000000000000000000e+00,2.921196956701422459e+04,1.494984819276079406e+02
1.000000000000000000e+00,2.759829104462024770e+04,3.979506449986765347e+03
1.000000000000000000e+00,2.751223714970148285e+04,1.323601125888907745e+03
1.000000000000000000e+00,2.882348638296304489e+04,1.357148850638330259e+03
1.000000000000000000e+00,2.601745051966056781e+04,9.447539190830142616e+03
1.000000000000000000e+00,2.802727888927272579e+04,6.591267791293312257e+03
1.000000000000000000e+00,2.676107316617253309e+04,7.175710196537542288e+03
1.000000000000000000e+00,2.716839392902866166e+04,-3.190060573416778880e+02
1.000000000000000000e+00,2.855302751605440426e+04,2.026537160464253304e+02
1.000000000000000000e+00,2.662716940935191815e+04,4.997084402188220338e+03
1.000000000000000000e+00,2.691779432680253740e+04,8.674953887950785429e+03
1.000000000000000000e+00,2.837654210871713803e+04,-4.602741084484125167e+03
1.000000000000000000e+00,2.815377050509195760e+04,-2.798010746272983624e+02
1.000000000000000000e+00,2.609554420855503486e+04,6.900337855358740853e+03
1.000000000000000000e+00,2.770763152281257135e+04,1.728317574692083099e+03
1.000000000000000000e+00,2.742861345197498667e+04,3.352811793759175544e+03
1.000000000000000000e+00,2.808476574617854931e+04,1.473636836066891192e+03
1.000000000000000000e+00,2.645048848732656552e+04,7.306853683634364643e+03
1.000000000000000000e+00,2.691493237576555111e+04,4.203681640033491021e+03
1.000000000000000000e+00,2.745157980525484891e+04,4.317963941412856002e+03
1.000000000000000000e+00,2.674349789382493327e+04,6.551816152625666291e+03
1.000000000000000000e+00,2.568088719864654922e+04,9.648187102367975967e+03
1.000000000000000000e+00,2.692658394316455087e+04,6.592216745349100165e+03
1.000000000000000000e+00,2.712211196750378076e+04,5.328664177973340884e+03
1.000000000000000000e+00,2.798966076289394550e+04,-1.879793230390875578e+03
1.000000000000000000e+00,2.639249611479111627e+04,6.350586035905686913e+03
1.000000000000000000e+00,2.749648794659713167e+04,1.246923481080992133e+03
1.000000000000000000e+00,2.788641499004233629e+04,2.899754413002666752e+03
1.000000000000000000e+00,2.631883135832596236e+04,9.108514460129526924e+03
1.000000000000000000e+00,2.872231621314657241e+04,1.358521177304389767e+03
1.000000000000000000e+00,2.772988153373669775e+04,1.533174022461956383e+03
1.000000000000000000e+00,2.776861223637155490e+04,3.010848308781432024e+03
1.000000000000000000e+00,2.682512673593887303e+04,4.249680282759839429e+03
1.000000000000000000e+00,2.801506812932073444e+04,-2.497980666373593976e+02
1.000000000000000000e+00,2.694579160130719538e+04,4.394373192706446389e+03
1.000000000000000000e+00,2.629959555797874782e+04,9.204334824729046886e+03
1.000000000000000000e+00,2.804234104811567886e+04,-2.198282377613906192e+03
1.000000000000000000e+00,2.900240301947056287e+04,-1.838038192546754317e+03
1.000000000000000000e+00,2.711346734254493276e+04,6.933322414915361151e+03
1.000000000000000000e+00,2.830805047982335600e+04,4.957479599882491129e+03
1.000000000000000000e+00,2.860307801905472297e+04,-3.503821125692004443e+03
1.000000000000000000e+00,2.835903792724399682e+04,1.910406852121719112e+03
1.000000000000000000e+00,2.762849671222340112e+04,2.911919959193667637e+03
1.000000000000000000e+00,2.648899505706431228e+04,7.334452989359479034e+03
1.000000000000000000e+00,2.830554660696290011e+04,-1.172091114539700811e+02
1.000000000000000000e+00,2.791358470315776867e+04,1.723317439769616840e+03
1.000000000000000000e+00,2.731619227924160077e+04,-3.048708255583864570e+02
1.000000000000000000e+00,2.723188785396681124e+04,5.788371098300339327e+03
1.000000000000000000e+00,2.751210156120041211e+04,2.809442252728962330e+02
1.000000000000000000e+00,2.518614169821044197e+04,9.693645632376612411e+03
1.000000000000000000e+00,2.676452785387856784e+04,7.041238628068944308e+03
1.000000000000000000e+00,2.627231228637433742e+04,6.645956094682757794e+03
1.000000000000000000e+00,2.503066427223789287e+04,8.013850762076152023e+03
1.000000000000000000e+00,2.727565892776120745e+04,6.632057043439230256e+03
1.000000000000000000e+00,2.748094584488271357e+04,1.781253216351838091e+03
1.000000000000000000e+00,2.548863686175843395e+04,9.600449374896474183e+03
1.000000000000000000e+00,2.758502353873392713e+04,3.677540623860525557e+03
1.000000000000000000e+00,2.429170838427771741e+04,-6.026859205814621419e+03
1.000000000000000000e+00,2.818664969682267110e+04,-4.597794011758417128e+02
1.000000000000000000e+00,2.757393965032169581e+04,3.488749365912286976e+03
1.000000000000000000e+00,2.677687045300472892e+04,9.148754805751794265e+03
1.000000000000000000e+00,2.760714461122654393e+04,-4.526265127180498894e+03
1.000000000000000000e+00,2.746781784166155558e+04,5.384845849367272422e+03
1.000000000000000000e+00,2.717530586576350834e+04,6.576622952266305219e+03
1.000000000000000000e+00,2.767288711955876352e+04,-5.569476637990911740e+02
1.000000000000000000e+00,2.751383699478574272e+04,2.163096542870593275e+00
1.000000000000000000e+00,2.735746662340550756e+04,-2.121747636449174024e+03
1.000000000000000000e+00,2.785613708025418237e+04,-1.366022071216042832e+03
1.000000000000000000e+00,2.730803893236686417e+04,5.657679922481641370e+03
1.000000000000000000e+00,2.844987671773328839e+04,2.290298577444832972e+03
1.000000000000000000e+00,2.800513457684575042e+04,2.996987095705216234e+03
1.000000000000000000e+00,2.665100793429802434e+04,8.759052990264590335e+03
1.000000000000000000e+00,2.698033223138128960e+04,4.568332581675430447e+03
1.000000000000000000e+00,2.682602629815719774e+04,3.468831150448007065e+03
1.000000000000000000e+00,2.728298929190179842e+04,5.600648718890556665e+03
1.000000000000000000e+00,2.798093320728698745e+04,-1.550076545042574935e+03
1.000000000000000000e+00,2.566904743946999588e+04,9.118137049469773046e+03
1.000000000000000000e+00,2.657750619883675608e+04,8.726566075256900149e+03
1.000000000000000000e+00,2.874784214321949185e+04,2.819410475110788411e+03
1.000000000000000000e+00,2.731710233627384514e+04,5.205988101145701876e+03
1.000000000000000000e+00,2.797591424493081649e+04,3.619278331010408692e+03
1.000000000000000000e+00,2.728842607022505763e+04,-1.742331589572103667e+03
1.000000000000000000e+00,2.639592962939641075e+04,6.693224700021166427e+03
1.000000000000000000e+00,2.730662220291999256e+04,5.803501483883163019e+03
1.000000000000000000e+00,2.641513620466542852e+04,9.210310524004802573e+03
1.000000000000000000e+00,2.887926079181028399e+04,8.526471724463382884e+01
1.000000000000000000e+00,2.764250466267240336e+04,4.305131338112119010e+03
1.000000000000000000e+00,2.679758077695135580e+04,6.858506473392546468e+03
1.000000000000000000e+00,2.666439195942218066e+04,8.815603848488784934e+03
1.000000000000000000e+00,2.795823953710901696e+04,-1.965197819045872620e+03
1.000000000000000000e+00,2.673863359057327034e+04,6.040759550160070830e+03
1.000000000000000000e+00,2.688281983091289294e+04,4.259109109054602413e+03
1.000000000000000000e+00,2.761606498432651279e+04,4.363541711790154295e+03
1.000000000000000000e+00,2.728817548035800792e+04,6.651394575900515520e+03
1.000000000000000000e+00,2.604446000383837600e+04,8.383472219186221992e+03
1.000000000000000000e+00,2.372347949888790754e+04,8.473641689206677256e+03
