0,0.96771,0.017169,-0.018584,0.021479,0.070083,-0.041886,0.077676,-0.019267,0.014317,0.077357,0.062352,0.0069938,0.053,0.021053,-0.13956,-0.14717,0.063762,0.0023019,-0.0072776,-0.049517,-0.053696,-0.032421,-0.090002,0,0,0,0,0,0,0
0,0.96076,-0.014901,-0.081007,0.00096111,0.0058156,-0.0024464,0.061375,-0.025056,0.11914,0.059736,0.11778,0.0076867,0.066394,-0.081856,-0.069959,-0.12954,-0.12366,-0.065208,-0.033673,-0.029791,0.13755,0.064854,-0.10855,0,0,0,0,0,0,0
0,0.9673,-0.049963,-0.020111,-0.0036627,0.089681,0.01327,0.052885,-0.054704,0.06906,0.089151,-0.022336,0.051903,0.052144,-0.025929,-0.10171,-0.15199,0.10149,0.0051551,0.076093,-0.016392,-0.091898,-0.049233,-0.04385,0,0,0,0,0,0,0
0,0.97246,0.061412,-0.032095,0.10351,0.040364,-0.071449,0.02857,-0.04276,0.1144,0.094663,0.088412,0.0067631,0.11186,-0.090027,-0.084112,-0.17401,-0.046211,-0.05724,0.02531,-0.042591,-0.091086,0.015438,0.085288,0,0,0,0,0,0,0
0,0.97242,-0.037417,-0.038818,-0.011243,-0.016034,-0.1086,0.05903,-0.040565,-0.029961,0.081395,0.031839,-0.030674,0.10728,-0.01735,0.025582,-0.1609,0.038486,-0.028107,0.045929,-0.0074075,-0.017335,-0.077655,-0.0015924,0,0,0,0,0,0,0
0,0.98363,-0.02162,-0.064051,-0.05462,0.00042236,-0.049993,0.011618,-0.037654,0.035826,0.077034,-0.0029238,0.0042456,0.033609,0.099465,-0.0091939,-0.084628,-0.018688,-0.0015163,-0.050221,0.00061093,-0.025237,-0.015516,-0.066095,0,0,0,0,0,0,0
0,0.98242,0.10119,0.019944,0.058895,0.036889,-0.032957,0.023876,-0.031825,0.018853,0.032556,0.067344,-0.031111,0.034133,0.003679,-0.066293,-0.1349,-0.057968,0.039095,-0.0030991,0.010198,-0.0016771,-0.018219,-0.0035714,0,0,0,0,0,0,0
0,0.98776,0.053757,0.0091533,0.035361,0.052489,-0.010463,-0.0098284,-0.007628,0.043871,0.046209,0.020129,0.059986,0.047234,0.08976,-0.032227,-0.066245,0.055895,0.024752,0.0042852,-0.026747,-0.030357,-0.026955,-0.045398,0,0,0,0,0,0,0
0,0.98391,0.032175,0.028278,0.050465,0.071139,-0.021904,0.0096138,-0.011793,0.039508,0.083454,0.02772,0.047528,-0.032645,0.066879,-0.043831,-0.084914,0.023161,0.060273,-0.0012986,-0.0021,-0.016078,-0.032275,-0.026687,0,0,0,0,0,0,0
0,0.98412,0.065388,0.046151,0.060301,0.070336,-0.012644,0.0080828,-0.01732,0.045324,0.051886,0.0093738,0.043343,-0.01795,0.049239,-0.013373,-0.080639,0.042225,0.046911,0.023477,0.0066031,-0.029219,-0.025823,-0.045487,0,0,0,0,0,0,0
0,0.97912,0.04937,0.023329,-0.004216,0.081301,-0.080838,0.041842,-0.031531,0.062888,0.066995,0.09826,-0.01296,-0.013153,0.034662,-0.026729,-0.099415,0.01178,0.026133,-0.0047759,0.0039373,-0.0076584,-0.024277,-0.032271,0,0,0,0,0,0,0
0,0.98678,0.010884,-0.013184,0.037228,0.053683,-0.038433,-0.0045348,0.042828,0.054007,0.029053,0.12426,0.032259,0.0046318,0.02436,-0.037337,-0.082744,-0.068021,0.010617,-0.011625,-0.0037931,-0.041681,-0.060423,-0.026292,0,0,0,0,0,0,0
0,0.93121,-0.12198,-0.20674,-0.013879,-0.061032,-0.071535,0.053861,0.011806,-0.054731,-0.10263,0.021718,0.086388,0.12879,-0.015036,-0.097608,0.11916,-0.030103,-0.19369,0.10865,-0.016712,-0.027663,-0.056883,-0.045227,0,0,0,0,0,0,0
0,0.95041,-0.17673,-0.12623,-0.010298,0.10638,0.035269,-0.0044393,0.039065,-0.13004,-0.10788,0.021143,-0.0066644,0.1767,-0.14107,-0.098404,0.071741,0.041859,-0.12152,0.024758,-0.004805,0.023453,0.022261,0.04315,0,0,0,0,0,0,0
0,0.94654,-0.18743,-0.12001,0.097368,0.0043988,-0.045424,0.027998,0.0022846,-0.089035,-0.10299,-0.031739,0.07504,0.10733,-0.042938,-0.020005,0.066158,0.034907,-0.17299,0.061296,0.0055252,0.032109,0.034266,-0.044667,0,0,0,0,0,0,0
0,0.96227,-0.062343,-0.084875,0.042184,-0.019363,-0.064338,0.025174,-0.045605,-0.12848,-0.09819,0.00027597,-0.015684,0.14354,-0.034462,-0.083475,0.13063,-0.029913,-0.10574,0.043457,-0.030502,-0.033708,-0.07302,-0.020682,0,0,0,0,0,0,0
0,0.95987,-0.1133,-0.09874,0.069919,0.014578,-0.036856,0.012485,0.063856,-0.020921,-0.082249,-0.061159,0.025569,0.10239,-0.0091426,-0.031613,0.15048,0.013841,-0.12056,0.11143,-0.033583,-0.011522,0.016543,-0.057779,0,0,0,0,0,0,0
0,0.9508,-0.1693,-0.11042,0.05842,0.023143,-0.032399,0.029383,-0.0025834,-0.07182,-0.084254,-0.018252,0.036824,0.11505,-0.071341,-0.011735,0.057132,0.053258,-0.18543,0.094717,0.032649,0.047341,-0.01605,-0.040581,0,0,0,0,0,0,0
0,0.98404,0.1363,-0.0096611,0.089507,-0.03904,0.010678,-0.037405,0.0055377,-0.0032378,0.096458,0.0061037,0.014088,0.045396,0.0075293,-0.010792,-0.051966,0.044249,0.1064,-0.033601,0.020646,-0.012546,-0.017306,-0.049543,0,0,0,0,0,0,0
0,0.98055,0.15877,0.046531,0.082145,0.047314,0.12624,-0.030046,0.0005953,-0.010004,0.050629,0.043076,0.011915,0.044374,-0.00086094,0.031224,-0.064091,0.028909,0.052189,0.047452,-0.036046,-0.0072644,0.032674,8.4468e-05,0,0,0,0,0,0,0
0,0.97713,0.11228,0.015645,0.099974,0.048469,-0.0022129,-0.044088,-0.048368,-0.020054,0.059577,0.015062,-0.011594,0.055319,0.071395,-0.033317,-0.062185,0.051029,0.077669,0.0031182,0.020785,-0.040995,-0.032797,0.011175,0,0,0,0,0,0,0
0,0.98277,0.10473,0.019642,0.094205,0.020821,0.0052989,-0.012953,-0.063947,-0.0024697,0.067723,0.062052,-0.0063141,0.052972,0.030019,-0.009023,-0.099854,-0.029792,0.050162,-0.0055625,0.041714,-0.0093728,0.0077326,0.030498,0,0,0,0,0,0,0
0,0.9521,0.23027,0.03083,0.031489,0.038421,-0.056837,-0.029184,-0.077441,0.027299,0.10033,0.019212,-0.070474,0.080934,0.029364,-0.16299,-0.05077,-0.040959,0.094324,0.045913,0.042675,0.083062,-0.0030082,0.066321,0,0,0,0,0,0,0
0,0.96718,0.1595,0.0025954,0.10904,-0.0095767,-0.0084867,-0.011218,-0.03112,-0.0030939,0.057355,0.070644,-0.0011348,0.0020516,-0.03476,-0.064682,-0.10781,-0.029288,0.099126,0.0015045,0.079873,0.032029,-0.036294,0.020392,0,0,0,0,0,0,0
1,0.97461,-0.020846,-0.097691,-0.056481,0.043246,-0.070472,0.0012036,-0.0089903,0.059728,0.05943,-0.0082393,0.014857,-0.044223,0.12542,-0.013853,-0.078584,0.018377,0.040745,0.022679,-0.069472,-0.072585,-0.038132,-0.04832,0,0,0,0,0,0,0
1,0.9781,-0.05672,-0.058786,-0.049813,0.081202,-0.081097,-0.0096827,-0.0055992,0.031336,0.042112,0.03948,0.042364,-0.082994,0.047339,-0.012933,-0.13546,-0.016045,-0.0067689,-0.022516,-0.014642,-0.020563,-0.012508,0.014572,0,0,0,0,0,0,0
1,0.9709,-0.04343,-0.080566,-0.087318,0.08059,-0.0792,-0.0041191,-0.017986,0.013562,0.049638,0.10235,0.04262,-0.067412,0.083438,-0.05017,-0.11737,-0.043458,-0.0081836,-0.017992,-0.050546,-0.0025398,-0.056939,-0.023923,0,0,0,0,0,0,0
1,0.9865,0.050302,0.0060865,0.091419,0.055809,-0.0019678,-0.046516,-0.045476,0.0082327,0.079116,0.033242,0.029754,-0.01331,0.047741,0.0076472,-0.075217,-0.030528,0.073771,-0.012999,0.024311,-0.0067103,0.023023,0.029701,0,0,0,0,0,0,0
1,0.99349,0.033895,-0.061117,0.00074975,-0.030495,-0.022539,0.0072607,0.030196,0.022054,-0.0061775,0.072033,0.086615,-0.023357,0.037811,-0.017158,-0.13381,-0.033124,-0.045883,-0.0052546,0.027207,-0.019139,-0.034197,0.047004,0,0,0,0,0,0,0
1,0.97038,-0.15089,-0.13163,-0.056884,-0.005167,-0.040177,-0.034737,-0.0046827,0.019389,-0.05845,0.030337,-0.0063791,-0.039912,0.055661,-0.09441,-0.074351,-0.095237,-0.061481,0.017909,-0.044905,-0.029211,0.02036,-0.012553,0,0,0,0,0,0,0
1,0.989,0.09603,-0.00069829,0.035612,0.037909,-0.052009,0.019704,-0.0075242,0.042448,0.092259,0.062528,0.021825,-0.011352,0.057236,-0.0062246,-0.041006,-0.02513,0.038665,-0.010009,0.007964,-0.0033942,0.0073259,0.030266,0,0,0,0,0,0,0
1,0.99113,0.064854,0.0040187,0.044703,0.026029,0.008806,-0.019394,0.031309,0.050195,0.035385,-0.0043394,0.051832,-0.034401,0.097522,-0.0078566,-0.078716,0.009938,0.058367,0.029509,0.0092794,0.0053168,-0.020122,0.013286,0,0,0,0,0,0,0
1,0.99021,0.040944,-0.023617,0.015763,0.070324,-0.023325,-0.010367,0.02628,-0.0012727,0.049513,0.025056,0.056615,-0.028047,0.076258,-0.033851,-0.087769,0.018107,0.056105,-0.025002,-0.0097075,-9.0215e-05,-0.012957,0.013197,0,0,0,0,0,0,0
1,0.991,0.029192,-0.053855,-0.012601,0.032981,-0.038373,0.018151,-0.041432,0.0046986,0.033251,0.031708,0.064077,0.013593,0.082779,-0.04292,-0.059329,0.0094464,0.048803,0.0022637,0.0054825,-0.026771,-0.0072467,0.024933,0,0,0,0,0,0,0
1,0.98639,0.03678,-0.0071877,-0.027178,0.012731,-0.017959,-0.0050573,-0.01567,0.011515,-0.031551,0.063546,0.092862,-0.016203,0.045134,-0.11222,-0.083746,-0.054541,-0.017426,-0.05722,0.0030597,0.05268,0.027664,-0.012264,0,0,0,0,0,0,0
1,0.99068,0.061221,-0.028635,0.029511,0.070066,-0.040778,0.020161,0.0021591,0.031975,0.034648,0.031589,0.01262,-0.015323,0.076519,-0.044178,-0.071105,-0.0068568,0.041385,-0.016976,0.022093,-0.049264,0.0070088,0.043851,0,0,0,0,0,0,0
1,0.97274,-0.11003,-0.05767,0.040224,0.046757,-0.027905,-0.038667,0.0013377,-0.093605,-0.13353,-0.039624,0.039397,-0.049662,0.030374,-0.0046458,0.10962,-0.076731,-0.068142,0.0056197,-0.0059777,0.056015,-0.021109,0.020921,0,0,0,0,0,0,0
1,0.96955,-0.078046,-0.067564,0.064062,-0.041734,-0.020187,-0.025476,0.03058,-0.10138,-0.15063,-0.00061182,0.047542,-0.010397,0.083921,0.00018648,0.071898,-0.063418,-0.10989,0.040717,0.019907,0.029946,0.0074589,0.082572,0,0,0,0,0,0,0
1,0.97966,-0.013135,-0.018512,0.081006,0.015745,-0.022278,0.023942,0.00044409,-0.084555,-0.087102,-0.0013535,0.04389,-0.034572,-0.010828,-0.027498,0.08928,-0.07363,-0.079428,0.010242,0.079999,0.0034099,0.00065108,0.061245,0,0,0,0,0,0,0
1,0.96613,-0.12375,-0.039499,0.11294,0.048372,-0.038126,-0.056397,0.054636,-0.10228,-0.059828,-0.07298,0.098531,-0.10361,0.080755,0.042071,0.16934,0.042124,0.017,0.091413,-0.0021897,-0.069425,-0.018699,-0.026715,0,0,0,0,0,0,0
1,0.97659,-0.073527,-0.056266,0.020627,-0.021224,-0.057272,-0.012061,0.012805,-0.078906,-0.11199,0.040068,0.048765,-0.027497,0.0065194,-0.015444,0.046029,-0.13358,-0.1011,0.027301,-0.0047596,0.029596,0.012387,0.05557,0,0,0,0,0,0,0
1,0.96707,-0.14157,-0.025457,0.04354,-0.018285,-0.084939,-0.02282,-0.0044379,-0.093235,-0.13019,-0.038734,0.033859,-0.0085252,0.055392,-0.032721,0.11899,-0.077708,-0.067051,0.041334,-0.078714,0.035621,0.035911,0.069115,0,0,0,0,0,0,0
1,0.98519,0.11162,0.046016,0.056925,0.0081544,0.031561,-0.056594,-0.020972,-0.055861,0.048196,0.042352,0.020068,0.049279,-0.014981,0.0034197,-0.059633,-0.048661,0.024018,-0.028958,0.002543,-0.019064,0.017214,0.02223,0,0,0,0,0,0,0
1,0.98151,0.076922,0.033674,0.076754,0.0067622,0.049697,-0.031893,-0.026527,-0.075476,0.062601,0.083686,0.051411,0.033093,-0.0085173,-0.044506,-0.058205,-0.073194,-0.0093702,-0.04338,0.030743,0.0094349,0.044652,0.04032,0,0,0,0,0,0,0
1,0.98614,0.10872,0.046154,0.098056,0.024833,0.03129,-0.039069,0.037208,-0.0050848,0.024807,-0.012432,0.017096,-0.033942,0.061515,-0.0031579,-0.070698,-0.0031605,0.041012,0.013953,-0.0043483,0.0082444,0.025636,0.02941,0,0,0,0,0,0,0
1,0.96841,0.19518,0.095849,0.11798,-0.026244,0.027416,-0.037445,-0.01892,-0.0015121,0.097033,0.057101,-0.017872,0.029143,-0.0034463,0.0032834,-0.086763,0.013375,0.05794,-0.0049372,-0.0095009,0.025193,-0.0014033,0.031395,0,0,0,0,0,0,0
1,0.98041,0.14898,0.058055,0.090522,0.021898,0.044115,-0.032676,-0.0048579,0.0047536,0.077275,0.027306,-0.0032569,0.010924,0.034972,0.022468,-0.071005,0.029162,0.052912,0.0018655,0.00013346,-0.00648,0.049165,0.031363,0,0,0,0,0,0,0
1,0.97849,0.158,0.020356,0.10596,-0.012581,0.014947,-0.026179,0.0096073,0.0049168,0.090351,0.033628,0.001214,0.026854,0.026487,-0.016965,-0.074805,-0.01538,0.069136,0.011491,-0.00035656,0.0091022,0.0076148,0.033975,0,0,0,0,0,0,0
2,0.97473,-0.094801,-0.17017,-0.14923,-0.02864,-0.0054024,-0.018844,-0.032953,0.095269,-0.039262,0.10044,0.026559,-0.10452,0.071404,-0.023657,0.04749,-0.010979,-0.044292,-0.0036325,0.00463,-0.00077061,0.055835,-0.037138,0,0,0,0,0,0,0
2,0.97383,-0.098766,-0.15243,-0.15616,-0.0089016,-0.022836,-0.035337,-0.017611,0.075372,-0.023774,-0.0025705,0.01807,-0.073967,0.035662,0.027808,0.067764,0.01902,0.074291,-0.020567,0.012429,0.029009,-0.0057957,0.021069,0,0,0,0,0,0,0
2,0.96721,-0.11503,-0.17813,-0.13796,0.022624,-0.028677,-0.024432,0.019228,0.11178,-0.049154,0.027705,-0.011116,-0.012101,0.061769,0.026849,0.033486,0.025038,0.031343,-0.014455,0.013375,0.0059823,-0.0038208,0.040337,0,0,0,0,0,0,0
2,0.97491,0.084372,-0.048029,-0.03687,-0.074733,0.063435,-0.11772,0.063512,0.010451,0.021237,0.054147,-0.003171,-0.01757,0.018262,0.08981,-0.012789,-0.0068716,0.061261,-0.04029,-0.031577,0.012793,0.072761,-0.074602,0,0,0,0,0,0,0
2,0.93482,-0.16233,-0.14731,-0.19216,-0.021286,-0.074306,-0.038696,0.027108,0.1221,0.013882,0.057263,0.03235,0.049947,0.08556,0.065184,0.042495,-0.055411,0.11949,0.0013393,0.0065114,0.12131,0.04135,-0.045238,0,0,0,0,0,0,0
2,0.9854,-0.13528,-0.1079,-0.12775,0.00017172,0.044143,0.018345,-0.011882,0.057986,-0.049954,0.045832,-0.010142,0.0052402,0.056807,-0.069102,0.032191,0.10678,0.023239,-0.01539,-0.012313,0.051105,-0.010431,0.050998,0,0,0,0,0,0,0
2,0.98236,-0.011434,-0.11146,-0.09323,-0.046584,-0.0062442,-0.080245,0.061059,0.040695,0.049847,-0.042943,-0.047097,-0.031199,-0.0049934,0.048871,0.005508,-0.035431,0.063953,-0.021938,-0.022046,0.043148,0.02406,-0.018997,0,0,0,0,0,0,0
2,0.97966,-0.047453,-0.12061,-0.10152,-0.026835,-0.020461,-0.063747,0.065401,0.067212,-0.0065761,0.011177,-0.084206,-0.028013,0.04051,0.057312,0.02202,-0.014286,0.10293,0.0094984,0.0032364,0.021063,0.015912,0.018357,0,0,0,0,0,0,0
2,0.98319,-0.04449,-0.084438,-0.12707,-0.026232,0.0050374,-0.09926,0.036085,0.021124,0.0020614,-0.037824,-0.063493,-0.031068,-0.022008,0.071311,-0.009305,-0.026227,0.099785,-0.0080801,0.0011805,0.042368,-0.0058334,0.016126,0,0,0,0,0,0,0
2,1.0112,0.068719,-0.0031542,0.061124,0.015744,0.06779,-0.0063032,0.02081,-0.096427,0.0097534,-0.027764,-0.15663,0.030215,-0.034727,-0.0090672,0.046577,0.010081,0.015107,0.016618,-0.0418,0.078261,0.0016415,0.030949,0,0,0,0,0,0,0
2,0.98367,0.015586,-0.10831,-0.068523,-0.072355,0.028779,-0.050597,0.018668,0.0075721,-0.036961,0.0047744,-0.045635,0.0054041,0.0075319,0.068794,-0.037337,-0.042956,0.14452,0.011446,-0.029582,0.026015,0.061119,0.019507,0,0,0,0,0,0,0
2,0.97612,-0.012354,-0.15125,-0.086879,-0.070593,0.024518,-0.065337,0.040115,0.048455,0.016033,-0.015429,-0.063889,-0.021389,0.018243,0.061358,0.036814,-0.061616,0.087711,0.0071667,-0.047345,0.04384,0.016309,0.023961,0,0,0,0,0,0,0
2,0.97626,0.10835,0.034322,0.011194,-0.055175,0.12637,-0.076762,0.019413,-0.0059711,0.007057,0.0906,-0.028243,-0.038144,0.040354,-0.042912,-0.032731,0.00089249,0.10549,-0.080965,0.025757,0.0012244,0.0099723,-0.016632,0,0,0,0,0,0,0
2,0.97819,0.14415,0.024732,-0.069171,-0.055546,0.075237,-0.091763,-0.020073,0.0085355,0.0057493,0.046117,-0.045702,-0.03312,0.058236,0.0042809,-0.034144,-0.034206,0.14878,-0.032898,-0.019561,-0.0093089,0.0088468,0.012154,0,0,0,0,0,0,0
2,0.97078,0.06612,-0.045566,-0.16323,-0.050913,0.10776,-0.15456,0.020719,-0.035694,0.030425,-0.018822,-0.018842,-0.042414,0.0026064,0.034005,0.042931,0.057253,0.078303,-0.040989,-0.012534,-0.039494,-0.036449,0.089001,0,0,0,0,0,0,0
2,0.97844,0.060894,-0.088619,-0.1054,-0.053802,0.09863,-0.11124,0.020229,0.034212,0.014285,0.016044,0.015564,-0.029659,-0.024138,0.079439,0.01418,0.044161,0.046954,-0.034485,-0.026919,-0.01697,0.013364,0.031087,0,0,0,0,0,0,0
2,0.97238,0.09929,0.013976,-0.094353,-0.010241,0.10949,-0.15312,0.041953,0.071847,0.0484,0.049466,0.069172,-0.012132,-0.035923,0.07545,-0.036413,0.018433,0.1079,-0.019716,-0.027283,0.010393,0.041822,-0.0060682,0,0,0,0,0,0,0
2,0.97494,0.013527,-0.029796,-0.13773,-0.093306,0.04738,-0.16197,0.025349,-0.02138,0.019578,0.0056593,-0.00072352,-0.033517,-0.066439,0.014386,-0.011582,0.069685,0.095249,-0.0013729,-0.024568,-0.016606,-0.045864,0.029729,0,0,0,0,0,0,0
2,0.98417,0.077361,0.005767,-0.069963,-0.10051,0.058208,-0.08647,-0.012509,-0.062412,-0.044527,-0.025818,0.047724,0.0088356,0.012651,-0.0016537,-0.041839,0.036533,0.04026,-0.069242,-0.011757,-0.019584,0.04627,0.0072412,0,0,0,0,0,0,0
2,0.98032,0.10167,0.030682,-0.046811,-0.047216,0.10066,-0.094657,-0.053455,-0.056944,-0.062979,0.018324,-0.0022997,0.008464,0.022723,-0.035334,-0.011617,0.0095282,0.072832,-0.037286,-0.001282,0.00011362,-0.022079,-0.020508,0,0,0,0,0,0,0
2,0.9879,0.096101,0.032901,-0.025323,-0.019941,0.081379,-0.070864,-0.040016,-0.069617,-0.061527,0.013675,-0.017261,0.011161,-0.014925,0.018668,-0.027642,0.0049651,0.026295,-0.049071,0.0055662,-0.029634,-0.033535,-0.013016,0,0,0,0,0,0,0
2,0.98121,0.088423,0.011277,-0.035181,-0.039891,0.076373,-0.11081,-0.007296,-0.062004,-0.046977,0.015982,-0.020029,0.03357,0.016705,-0.010513,-0.018657,0.049533,0.033384,-0.067289,0.00047902,-0.034039,-0.021748,-0.012408,0,0,0,0,0,0,0
2,0.98473,0.076042,0.0035717,-0.061197,-0.061094,0.06462,-0.11344,-0.012978,-0.051187,-0.039665,0.019679,-0.024224,-0.022991,0.028933,0.0078788,0.0023433,0.01482,0.071703,-0.038279,-0.042907,-0.028958,-0.0077927,-0.00029735,0,0,0,0,0,0,0
2,0.97952,0.10929,0.055067,-0.031893,-0.02363,0.080869,-0.12154,0.0011251,0.012716,-0.069249,0.018306,-0.042262,-0.038896,0.055396,0.016099,-0.047721,-0.040304,0.093751,-0.041588,-0.016769,0.023265,0.011974,-0.039913,0,0,0,0,0,0,0
3,0.95305,-0.073498,0.18244,0.057254,-0.1783,0.15078,0.062656,0.15338,-0.049588,0.060482,0.020058,-0.040552,0.019627,0.066378,-0.060754,-0.013872,0.016963,0.023086,0.035459,-0.043767,0.021244,0.0063555,0.057835,0,0,0,0,0,0,0
3,0.95239,-0.047351,0.1231,-0.11968,-0.11668,-0.013671,0.16791,0.157,-0.12272,-0.067676,-0.035885,0.021641,0.1046,0.043874,-0.018735,-0.093896,-0.033493,0.12132,0.064322,-0.084209,0.021352,0.017412,-0.025761,0,0,0,0,0,0,0
3,0.95906,-0.095046,0.10399,-0.070883,-0.1184,0.14313,0.13366,0.13922,-0.042491,-0.045237,-0.012819,0.030197,0.034986,0.034899,0.030381,-0.071404,-0.027562,0.021988,0.073024,0.0085734,-0.05368,-0.0048107,0.033627,0,0,0,0,0,0,0
3,0.96444,0.062856,0.080457,-0.048582,-0.069694,-0.040826,0.12598,0.29297,-0.07201,0.032132,0.079252,-0.020024,0.039737,0.053479,-0.036163,-0.062702,-0.03376,0.043056,0.034772,-0.007946,-0.05071,0.052333,-0.07181,0,0,0,0,0,0,0
3,0.94468,-0.12317,-0.2788,-0.16567,0.019479,-0.13714,-0.022365,0.070194,-0.025452,0.035292,0.071743,-0.031888,-0.042822,-0.068364,-0.022654,-0.025915,0.070171,0.024148,0.094933,-0.058939,0.012626,0.057983,0.011313,0,0,0,0,0,0,0
3,0.96513,-0.12834,-0.0013716,-0.075733,-0.056243,0.02309,0.12783,0.1899,-0.035818,-0.054006,-0.029975,-0.035501,0.033647,-0.021682,0.0068919,-0.043827,0.039862,0.047133,0.0035285,-0.062246,-0.029089,0.0158,-0.01359,0,0,0,0,0,0,0
3,0.95635,-0.073481,0.091399,-0.15253,0.0424,-0.032566,0.15684,0.25677,-0.027172,-0.067534,0.0047791,-0.024508,0.048813,0.034833,-0.10298,-0.038192,0.016721,0.040221,0.052815,-0.07516,0.035295,0.019286,0.054225,0,0,0,0,0,0,0
3,0.96493,-0.045081,0.05147,-0.13686,-0.046986,-0.054448,0.13464,0.1562,-0.011119,-0.070718,-0.012851,0.033199,0.027451,0.041619,-0.050348,-0.065726,-0.039487,0.027906,0.030091,-0.096082,0.015425,0.065466,0.087036,0,0,0,0,0,0,0
3,0.96408,-0.12697,-0.024575,-0.10967,-0.033503,-0.093995,0.089866,0.16593,-0.016664,-0.04533,0.0069571,0.0016218,0.065693,0.031421,-0.011533,-0.016873,0.020393,0.031833,-0.053599,-0.047924,-0.013616,0.035331,-0.013591,0,0,0,0,0,0,0
3,0.9629,-0.18217,0.033668,-0.056146,-0.1685,0.11846,0.051483,0.11767,0.03757,0.018165,-0.05851,0.010128,0.032873,-0.017886,-0.020441,-0.047989,-0.064715,-0.019156,0.020835,0.015013,0.046391,-0.049615,0.013311,0,0,0,0,0,0,0
3,0.96629,-0.15587,0.033233,-0.081838,-0.10863,0.058048,0.10641,0.15393,-0.019943,-0.053788,-0.091176,0.033788,0.03174,0.010736,-0.0088285,-0.020982,0.0067678,0.040661,0.014484,-0.0067826,0.0069014,-0.0083164,-0.035323,0,0,0,0,0,0,0
3,0.95741,-0.13784,-0.012415,-0.15828,-0.0069619,-0.015245,0.10258,0.20277,-0.055128,-0.041827,0.040256,0.035922,0.059365,-0.0018715,-0.003923,-0.038578,-0.0057646,0.13421,0.012183,-0.084518,-0.035267,0.088737,-0.067091,0,0,0,0,0,0,0
3,0.98543,-0.015718,0.139,-0.32118,0.065662,-0.11268,0.078514,0.17098,0.041224,0.032544,-0.072581,0.10004,0.065273,-0.059077,0.11726,-0.085127,-0.10887,-0.012013,-0.0072141,0.060899,-0.072057,-0.10484,0.020264,0,0,0,0,0,0,0
3,0.963,-0.10857,0.03041,0.07193,-0.16969,0.16174,0.066518,0.0037763,-0.075567,0.056878,0.0092644,-0.036612,-0.025343,0.0032449,-0.055063,-0.039232,-0.079354,0.03657,-0.046058,-0.033085,0.049139,0.033274,0.022919,0,0,0,0,0,0,0
3,0.9882,0.026254,0.089267,-0.095158,-0.023819,0.006209,0.10341,0.14709,-0.088096,0.035589,0.0044685,-0.0072276,0.008001,0.039097,0.027623,-0.077867,-0.070101,-0.052322,0.023543,-0.032782,-0.074935,0.071278,0.027658,0,0,0,0,0,0,0
3,0.95782,-0.11695,0.11255,0.059393,-0.12932,0.12374,0.11013,0.054695,-0.062663,0.020343,-0.062983,-0.043546,-0.0040059,0.0052027,-0.013677,-0.073319,-0.039999,0.076946,-0.032608,-0.061777,-0.039365,-0.045539,-0.070496,0,0,0,0,0,0,0
3,0.96077,-0.096049,0.081272,0.00082604,-0.16262,0.10315,0.14214,0.02189,-0.029201,-0.064132,-0.084359,0.0018445,0.0094554,0.0076284,-0.031707,-0.051728,-0.037092,0.039227,0.057548,-0.049363,-0.023192,-0.025254,0.0063322,0,0,0,0,0,0,0
3,0.95309,-0.073228,0.07742,0.057862,-0.16188,0.21873,0.16378,0.028121,-0.064004,-0.038354,-0.048157,0.0093941,0.0027156,0.051676,-0.023737,-0.030917,-0.03319,0.015151,0.0006247,-0.060115,0.016961,-0.01818,0.0024421,0,0,0,0,0,0,0
3,0.97674,0.12345,0.23313,0.054651,0.014391,0.0029513,0.00018152,0.039147,-0.071235,0.0042668,0.050843,0.11848,-0.030681,0.17242,0.090235,-0.029696,-0.086002,-0.052605,0.056132,-0.00016524,0.10815,-0.0028777,-0.0097469,0,0,0,0,0,0,0
3,0.94724,0.1004,0.23101,0.088916,-0.084912,0.042651,0.091107,0.042648,-0.14964,-0.052324,0.015946,0.011308,-0.058083,0.058674,-0.026686,-0.017719,0.059241,-0.033871,-0.0467,-0.055287,0.012282,-0.11046,-0.0062275,0,0,0,0,0,0,0
3,0.97303,0.013891,0.12795,0.036975,-0.062435,0.068073,0.10255,0.027888,-0.11598,-0.07821,-0.015939,0.019979,-0.033929,0.025335,0.0097204,-0.056368,-0.033419,0.00077569,0.02413,-0.027934,-0.015082,-0.014639,0.0090221,0,0,0,0,0,0,0
3,0.97534,0.084466,0.25055,0.098463,0.094218,-0.046044,0.026776,0.043952,-0.099877,-0.040516,0.10933,0.065553,-0.063739,0.14907,0.015187,-0.053793,-0.11477,-0.071955,0.073886,0.052264,-0.019908,-0.0043871,0.026004,0,0,0,0,0,0,0
3,0.95008,0.10778,0.24881,0.10417,-0.03043,0.066422,0.12116,0.026977,-0.13428,-0.080894,0.10449,-0.051725,-0.043941,0.042677,-0.002592,0.021656,0.01318,-0.033341,-0.02683,-0.039932,0.040502,0.0010005,-0.013678,0,0,0,0,0,0,0
3,0.97299,0.012278,0.12874,0.062765,-0.053718,0.072935,0.089787,0.062135,-0.11899,-0.0814,0.0068093,-0.014491,-0.054751,0.012106,-0.0026611,-0.05958,-0.021801,-0.01128,0.0020436,-0.066406,-0.0088163,-0.011848,0.0015368,0,0,0,0,0,0,0
4,0.94686,-0.27641,-0.0053081,-0.11055,-0.10136,0.066355,0.089476,0.060222,0.0018683,0.14248,0.0041001,-0.00081783,0.04418,0.017487,0.01586,0.0053938,-0.049666,0.031137,0.038226,0.044395,-0.025619,-0.053835,0.014718,0,0,0,0,0,0,0
4,0.96131,-0.14295,-0.010749,-0.13308,-0.076005,-0.01594,0.12654,0.092015,-0.042489,0.097157,0.10562,0.07332,-0.0050879,-0.040648,-0.024177,0.030503,-0.046096,0.057324,0.058154,-0.044078,0.030019,-0.044892,0.029618,0,0,0,0,0,0,0
4,0.92971,-0.27076,-0.34611,-0.055819,-0.096045,0.11218,-0.12123,0.049665,-0.012834,0.14161,-0.19777,0.050746,0.022339,0.070338,0.030605,-0.016952,0.019847,0.0089062,-0.066926,-0.10141,0.041534,-0.032722,-0.053278,0,0,0,0,0,0,0
4,0.94837,-0.18092,-0.19555,-0.057991,-0.012679,-0.03234,-0.069662,-0.060152,0.032345,-0.023037,0.026569,-0.070052,-0.031067,0.13845,0.042543,-0.026075,-0.03334,-0.082247,0.04212,-0.093252,0.0065854,-0.041831,-0.024723,0,0,0,0,0,0,0
4,0.97077,-0.18333,-0.06309,-0.02983,-0.061903,0.029902,0.11001,0.025576,-0.030411,0.04962,0.088203,-0.097608,0.038788,0.076677,-0.013674,-0.087706,-0.0034961,-0.059485,0.043484,-0.0029634,-0.014711,0.013814,0.021168,0,0,0,0,0,0,0
4,0.95843,-0.19178,-0.017918,-0.10948,-0.11669,0.0054799,0.13223,0.073981,-0.024528,0.12615,0.060421,-0.06158,0.011809,-0.020908,-0.014415,-0.010894,-0.019705,0.0083469,0.042327,0.002724,0.013194,-0.040209,0.040244,0,0,0,0,0,0,0
4,0.95519,-0.14429,0.041105,-0.084869,-0.14674,-0.0014635,0.073529,0.039127,-0.080689,0.19493,0.090317,0.008902,-0.004512,0.0017359,0.022603,0.01459,0.09646,0.050928,0.040184,-0.014256,0.033035,0.0084249,0.021738,0,0,0,0,0,0,0
4,0.97076,-0.08883,0.064058,-0.046544,-0.11226,0.0048917,0.066013,0.051672,-0.095138,0.14876,0.10917,0.014597,0.013354,-0.017742,0.024875,0.051681,0.04277,0.039884,-0.0094785,-0.069138,0.00731,0.0033095,-0.014287,0,0,0,0,0,0,0
4,0.96697,-0.15063,0.024632,-0.038745,-0.098453,0.041423,0.0716,0.059054,-0.09654,0.14887,0.075718,-0.017797,0.0029366,0.040421,0.03787,0.061748,0.043672,0.046347,0.01932,-0.021626,0.0074547,-0.013814,0.0079471,0,0,0,0,0,0,0
4,0.9529,-0.21962,-0.059545,-0.002718,-0.062009,0.037987,0.11174,0.056047,-0.065979,0.15104,0.085835,-0.026231,0.054976,0.063889,0.013897,0.04857,-0.021035,0.058846,-0.012239,-0.061073,0.0043024,0.0096974,0.016524,0,0,0,0,0,0,0
4,0.96519,-0.14215,0.034867,-0.044387,-0.10879,0.013754,0.085278,0.044213,-0.080046,0.14605,0.1028,0.016841,0.022863,0.011459,0.030637,0.0344,0.017685,0.054675,-0.00023248,-0.067791,0.022416,-0.015505,-0.0050879,0,0,0,0,0,0,0
4,0.94717,-0.20177,-0.060851,-0.055699,-0.18934,0.015604,0.10779,0.025153,-0.093523,0.12371,0.068618,-0.011826,0.058005,0.030859,0.0024454,-0.10909,-0.030278,0.0073987,-0.047217,0.013849,0.017343,-0.033597,-0.033191,0,0,0,0,0,0,0
4,0.9034,-0.32077,-0.18184,-0.17836,-0.090903,0.02458,-0.011931,0.078305,0.072419,0.15158,0.034403,-0.035837,0.030903,0.083362,0.058534,0.040459,0.006093,-0.083694,0.079966,-0.00074854,-0.069525,0.038831,-0.016178,0,0,0,0,0,0,0
4,0.95057,-0.25349,-0.12515,-0.099321,-0.074097,0.012327,-0.045511,0.0042966,0.019619,0.1091,-0.03942,-0.06057,0.021543,0.069495,0.059638,-0.012336,0.010629,-0.098299,-0.033064,-0.048106,-0.060245,0.033546,0.011278,0,0,0,0,0,0,0
4,0.939,-0.28271,-0.17442,-0.090517,-0.055671,-0.031292,-0.029413,0.00799,0.0084619,0.057429,0.018087,-0.040171,0.048019,0.06415,0.01013,-0.063831,-0.029165,0.044124,0.12789,-0.048088,0.0059016,0.041873,-0.006469,0,0,0,0,0,0,0
4,0.93323,-0.31304,-0.11742,-0.058465,-0.085294,0.0085886,-0.0063647,0.011765,0.031202,0.068694,0.061023,0.0025589,0.070063,0.054776,0.082846,-0.058486,0.0092124,0.046235,0.1206,-0.10915,0.016317,0.024901,0.055003,0,0,0,0,0,0,0
4,0.93661,-0.26653,-0.19365,-0.064928,-0.082596,-0.022867,0.0079424,0.034292,-0.0055155,0.053298,0.042128,-0.059638,0.029125,0.06568,0.029686,-0.041837,-0.054194,0.063866,0.1069,-0.05493,-0.018536,0.024755,0.0030834,0,0,0,0,0,0,0
4,0.96886,-0.15832,-0.0043013,-0.06573,-0.076436,0.0075639,0.099413,-0.010151,-0.065957,0.11259,0.040469,-0.015954,0.034399,0.047852,0.030605,-0.00109,-0.020913,-0.00025248,0.032457,-0.056957,0.045921,-0.023482,0.035631,0,0,0,0,0,0,0
4,0.98388,-0.0034553,0.07112,0.016526,-0.097758,-0.010351,0.021465,0.013259,-0.10467,0.064595,0.11771,-0.015945,-0.04285,-0.016284,0.02942,0.021836,0.025096,0.026867,-0.011272,-0.075994,0.036865,-0.031395,-0.010228,0,0,0,0,0,0,0
4,0.97521,-0.042714,0.088295,0.039572,-0.10563,-0.030117,-0.0043729,-0.028012,-0.12099,0.064247,0.11026,-0.004643,0.02853,0.097129,-0.0019957,-0.020909,-0.015838,0.01425,-0.041486,0.029258,0.03124,-0.062444,-0.043269,0,0,0,0,0,0,0
4,0.98415,0.039809,0.096631,-0.014297,-0.087429,-0.011207,-0.025139,0.037729,-0.081953,0.078969,0.098463,0.035316,-0.0021455,-0.021825,0.0043233,0.028948,0.023557,-0.017346,0.013341,-0.04032,-0.020083,0.037537,0.012606,0,0,0,0,0,0,0
4,0.98097,0.0071183,0.037995,0.010612,-0.095203,0.022147,0.0097,0.059335,-0.1034,0.088961,0.13674,-0.0019495,-0.033984,0.0033787,0.030742,0.0038593,0.030015,0.0047711,0.021497,-0.038647,0.0085583,-0.0093439,0.01292,0,0,0,0,0,0,0
4,0.97675,-0.052522,0.082301,0.070356,-0.041617,0.031271,0.019255,-0.019419,-0.12634,0.078567,0.14079,0.0090157,-0.0078269,0.068883,0.019337,-0.026479,0.018753,0.0059286,-0.035143,0.019793,0.00055377,0.014579,0.0064801,0,0,0,0,0,0,0
4,0.98326,0.030243,0.11058,-0.026576,-0.03114,0.042949,-0.040599,0.042356,-0.082658,0.07296,0.1079,0.035558,-0.0043786,-0.016291,0.0067698,0.047766,0.0035495,-0.03065,-0.011914,-0.028911,-0.032414,-0.018959,0.019185,0,0,0,0,0,0,0
5,0.97283,-0.13462,0.043955,-0.060035,-0.10978,0.075553,0.03585,0.064126,0.0093102,-0.13347,0.0028087,-0.030957,0.048895,0.040166,-0.094533,0.0043762,-0.042006,0.014936,0.0014365,-0.035535,-0.044139,0.021494,-0.017394,0,0,0,0,0,0,0
5,0.97072,-0.09628,0.035984,-0.053359,-0.062067,0.026527,0.086388,0.15164,-0.021095,-0.14655,-0.0934,0.0089649,-0.036987,0.053928,-0.088641,-0.026637,0.05037,0.037329,-0.045176,0.023218,-0.036603,-0.010564,0.01627,0,0,0,0,0,0,0
5,0.97829,-0.11696,0.070206,-0.075287,-0.079183,-0.005657,0.076534,0.08809,-0.0053413,-0.14721,-0.082721,0.011557,0.019199,0.020151,-0.041017,-0.023255,0.034339,0.02021,-0.014059,0.040452,-0.015292,-0.0010588,-0.028934,0,0,0,0,0,0,0
5,0.97268,-0.0661,0.078282,0.02979,-0.14539,0.16089,0.042248,0.0071565,-0.084823,-0.0087054,-0.053651,0.0024734,-0.013223,0.05357,-0.057562,-0.0070068,-0.0083456,-0.0021353,0.041757,-0.031911,-0.0028871,0.021111,0.016778,0,0,0,0,0,0,0
5,0.98421,0.023054,-0.013809,-0.034687,-0.026136,-0.083075,-0.052742,-0.0043536,-0.060793,0.080019,0.051195,0.075787,-0.091318,-0.005571,0.041223,0.06251,0.07448,0.00074502,0.010268,-0.069443,-0.00068675,0.016982,0.014754,0,0,0,0,0,0,0
5,0.95457,-0.10658,-0.080457,-0.12211,-0.096285,0.16684,-0.087088,-0.061212,-0.070017,-0.020065,0.0071784,-0.010138,-0.061235,-0.14977,-0.065499,0.051804,-0.092925,0.050765,0.019715,-0.029496,-0.0070099,-0.010463,-0.010964,0,0,0,0,0,0,0
5,0.96837,-0.1068,-0.09213,-0.088012,-0.092611,0.085923,-0.062005,-0.04932,0.055899,0.042168,0.025113,0.055648,-0.034302,-0.069869,-0.10737,-0.013565,-0.090281,0.026544,0.0083372,-0.078002,0.00028779,-0.020488,0.0033161,0,0,0,0,0,0,0
5,0.96715,-0.16296,0.012475,-0.074474,-0.1323,0.10195,0.018989,0.032842,0.050505,-0.082839,-0.066301,0.038727,0.026524,-0.013849,-0.13252,0.022932,-0.011392,0.042586,0.016717,-0.035489,-0.041047,0.025845,-0.028474,0,0,0,0,0,0,0
5,0.96834,-0.1543,-0.047537,-0.10772,-0.11343,0.095687,-0.051342,-0.026515,0.085455,-0.049495,0.0021403,0.014357,-0.013071,-0.023964,-0.12233,0.020575,-0.019737,-0.0062308,0.021363,-0.054453,-0.014893,0.011688,-0.0073208,0,0,0,0,0,0,0
5,0.9677,-0.19789,-0.021771,-0.14851,-0.078139,0.047129,-0.011679,0.062664,0.043764,-0.071441,-0.065391,0.035121,0.031351,0.026747,-0.11255,0.0086258,-0.02392,-0.038203,-0.020943,0.019997,0.0071816,-0.012887,-7.0398e-06,0,0,0,0,0,0,0
5,0.97441,-0.16906,-0.014049,-0.10229,-0.097764,0.0040875,0.024818,0.069763,0.037161,-0.07181,-0.04011,0.0046397,0.038631,-0.018351,-0.051631,0.0089738,-0.024847,-0.009024,0.039272,0.019752,-0.085418,0.021135,-0.02509,0,0,0,0,0,0,0
5,0.96845,-0.10098,-0.006891,-0.091069,-0.0090296,0.010827,0.11636,0.081782,-0.01064,-0.18073,0.0098114,-0.0090186,0.067008,0.12074,-0.070321,0.011801,0.054522,-0.011487,0.061558,0.017801,0.047404,0.052728,0.0014187,0,0,0,0,0,0,0
5,0.95799,-0.074518,-0.079242,0.0097891,-0.10099,0.1584,-0.063258,-0.12814,0.075795,0.079251,0.03274,0.0011962,-0.011588,-0.041425,-0.090474,0.012479,-0.034516,-0.0081346,0.066525,-0.037084,-0.040241,-0.021261,0.0079404,0,0,0,0,0,0,0
5,0.92189,-0.056655,-0.17016,0.012208,-0.1266,0.17005,-0.12259,-0.10945,0.076827,0.2042,0.065986,0.0055498,-0.033862,-0.066518,-0.14252,0.027069,-0.073339,0.039202,0.038391,-0.14344,0.12909,-0.0044964,0.027094,0,0,0,0,0,0,0
5,0.94272,-0.11185,0.019441,0.058509,-0.21368,0.20019,-0.026966,-0.099561,0.017268,-0.014291,0.039773,-0.021925,-0.036269,-0.041425,-0.10302,-0.011661,-0.049514,0.033108,0.048562,-0.091366,-0.015724,-0.060503,-0.010733,0,0,0,0,0,0,0
5,0.94503,-0.070009,0.10939,0.04371,-0.166,0.20006,0.19254,-0.0033331,-0.054431,-0.061706,-0.056806,-0.039127,0.026302,0.037097,-0.0072256,-0.045723,-0.026518,0.0045749,0.044435,-0.069043,-0.024686,-0.0043607,0.0063842,0,0,0,0,0,0,0
5,0.93291,-0.093125,-0.074605,-0.0054482,-0.15099,0.20655,-0.069796,-0.13676,0.017139,0.066722,0.068009,-0.029802,-0.075739,-0.080408,-0.13656,-0.0014244,-0.11198,-0.021252,0.02408,-0.044079,-0.024723,-0.0020664,0.053631,0,0,0,0,0,0,0
5,0.94192,-0.1172,-0.090151,0.0051157,-0.065364,0.11171,-0.1244,-0.19557,0.040693,0.13865,0.077131,-0.048773,-0.094114,-0.12539,-0.064662,0.059121,-0.085395,0.017169,-0.010905,-0.0078225,-0.040612,-0.01358,0.033324,0,0,0,0,0,0,0
5,0.9708,0.063585,0.081141,0.10546,-0.055866,0.1032,0.032582,-0.00060232,-0.15697,-0.059473,-0.031207,0.03161,-0.0088648,0.024282,-0.0051451,0.022792,-0.0072526,-0.013288,-0.034007,0.0025857,-0.017837,-0.0098755,0.035822,0,0,0,0,0,0,0
5,0.95513,0.1957,0.090841,0.080828,-0.047286,0.064905,0.049574,0.064717,-0.1258,-0.082817,-0.046637,-0.060073,0.09747,0.043697,0.052759,-0.033313,0.038521,0.0031074,0.059959,0.053164,-0.033892,-0.07584,0.0054803,0,0,0,0,0,0,0
5,0.93629,0.23219,0.15114,0.18723,0.011645,0.053267,0.10845,0.015617,-0.14016,-0.071046,0.045124,0.026866,0.042987,0.017502,0.052587,-0.011314,0.039411,0.040966,0.0031225,0.061685,-0.030336,-0.037014,0.029595,0,0,0,0,0,0,0
5,0.97193,0.045794,0.095593,0.11575,-0.040711,0.1274,0.0052095,0.02627,-0.13255,-0.056144,-0.00027855,0.031719,-0.038638,0.035423,0.0108,0.0033576,-0.0023687,-0.0099014,-0.030134,0.0084277,0.0094673,-0.010155,0.031866,0,0,0,0,0,0,0
5,0.96062,0.15281,0.13638,0.12502,0.026567,0.058995,0.054524,0.023407,-0.10495,-0.081926,-0.081129,-0.025525,0.073282,0.017576,0.048745,-0.029736,0.016725,-0.022134,-0.023077,-0.062207,0.027128,-0.056885,0.029487,0,0,0,0,0,0,0
5,0.94015,0.22123,0.18902,0.17465,0.0088653,0.056666,0.089719,-0.010044,-0.09506,-0.053772,-0.0051909,0.025824,0.049639,0.029185,0.049879,0.0096373,-0.013292,-0.0016248,-0.014482,0.086672,0.05289,-0.084004,-0.0081774,0,0,0,0,0,0,0
6,0.96172,-0.010322,-0.038076,-0.13803,0.099366,-0.20367,-0.037763,0.085914,0.0083172,-0.045702,0.06853,0.049454,-0.014599,0.057724,-0.042427,-0.0065298,0.0096173,-0.0061272,-0.00097541,-0.068186,-0.0039337,-0.047307,0.007962,0,0,0,0,0,0,0
6,0.96177,-0.030367,-0.059865,-0.15656,0.1381,-0.16197,0.0089453,0.026406,-0.02267,-0.0082168,0.070561,0.063787,-0.054999,0.037996,0.021524,0.008058,-0.017992,-0.03408,-0.016791,-0.048891,0.00015065,-0.019983,-0.0081241,0,0,0,0,0,0,0
6,0.95915,0.032872,-0.020395,-0.12632,0.14093,-0.19627,-0.023575,0.097944,-0.0056031,-0.050132,0.060491,0.12016,-0.043477,0.01289,-0.041834,-0.0054612,-0.022118,0.0091694,-0.018179,-0.036466,-0.004685,-0.051486,0.00012519,0,0,0,0,0,0,0
6,0.97957,0.051207,-0.011272,-0.061563,0.087509,-0.12415,0.019726,0.077585,-0.035436,-0.0089112,0.080434,0.091478,0.01627,0.039641,-0.019944,0.0098873,0.0064625,0.011505,0.0028233,-0.0141,0.0052215,0.022406,0.033341,0,0,0,0,0,0,0
6,0.98021,-0.13652,-0.12034,-0.0079504,0.028658,-0.093611,-0.013667,0.04577,0.037373,-0.0086151,0.050636,0.08553,-0.079075,0.070685,-0.030106,-0.012836,-0.051562,-0.032948,0.055294,-0.047553,0.011585,-0.095706,0.012019,0,0,0,0,0,0,0
6,0.95351,-0.22429,-0.15674,-0.053716,0.038221,-0.16183,-0.024671,0.00018586,0.013724,-0.043539,0.03354,0.057995,-0.074663,0.083227,-0.06208,-0.017959,0.039097,-0.014363,0.027055,-0.035545,0.044045,-0.082542,-0.03557,0,0,0,0,0,0,0
6,0.99926,0.072195,-0.021997,-0.020483,0.019358,-0.060615,0.056833,0.035362,0.0023143,0.040754,0.038669,0.082355,0.056607,0.012893,0.0043311,0.042043,-0.010667,0.013433,0.021331,-0.0017749,0.020087,0.080439,0.049497,0,0,0,0,0,0,0
6,0.97859,0.11458,0.036516,-0.052326,0.077915,-0.084755,0.0052678,0.09953,-0.027628,0.0077242,0.03362,0.12631,0.046348,-0.004311,-0.026833,0.013784,-0.0056596,0.020617,0.010944,0.036305,0.013674,0.053908,0.033645,0,0,0,0,0,0,0
6,0.98756,0.077603,0.038107,-0.011706,0.048611,-0.073906,0.0091014,0.090335,-0.010283,0.0033976,0.048536,0.094671,0.037258,-0.06583,0.001308,-0.0046959,0.0080783,0.005789,-0.032989,0.0060421,-0.0034429,0.011975,-0.016365,0,0,0,0,0,0,0
6,0.98382,0.083475,0.049401,-0.025431,0.054399,-0.095023,0.024598,0.1021,-0.024198,0.0011813,0.07091,0.06011,0.017341,-0.038596,-0.0051039,-0.012314,-0.0030769,0.0079881,0.014611,0.043457,-0.0016436,0.0072591,0.025755,0,0,0,0,0,0,0
6,0.99428,0.012448,-0.02811,-0.037049,0.015119,-0.10424,0.040774,0.03414,-0.030197,0.011947,0.051347,0.090505,0.022631,-0.0055513,-0.0078763,0.018386,-0.02786,0.010011,-0.036077,0.0081465,0.0016116,0.0020231,0.012483,0,0,0,0,0,0,0
6,0.98924,0.0023994,-0.0068538,-0.060049,0.027916,-0.12946,-0.0040827,0.038354,-0.043273,0.0082331,0.044259,0.095208,-0.0022698,0.016282,-0.010314,-0.0034177,-0.028545,0.0086683,-0.005071,0.028719,0.042806,-0.020317,0.027993,0,0,0,0,0,0,0
6,0.97575,0.076821,-0.0015285,-0.065867,0.071097,-0.16562,-0.025853,0.079998,0.0021839,-0.016158,0.022118,0.10303,0.015547,0.018961,-0.026311,0.013729,-0.015395,0.013404,0.0017343,-0.0053301,-0.045808,0.016185,0.056045,0,0,0,0,0,0,0
6,0.98232,0.051666,0.0011092,-0.064327,0.097636,-0.11723,-0.019424,0.079106,-0.038115,0.0005963,0.028875,0.066063,-0.022377,0.011792,-0.015231,0.0043449,-0.015714,-0.0010331,0.022501,0.01539,-0.0033282,0.0022783,0.037119,0,0,0,0,0,0,0
6,0.98248,0.080819,0.0065235,-0.06692,0.081542,-0.11806,-0.014218,0.060568,-0.022662,-0.003688,0.045298,0.07571,-0.010393,0.0084999,-0.0053769,0.004497,0.0051388,-0.0038402,0.03298,0.017479,-0.015117,0.0043505,0.039965,0,0,0,0,0,0,0
6,0.98449,0.0254,-0.017261,-0.048602,0.057716,-0.11844,-0.003132,0.064207,-0.036995,-0.021663,0.048044,0.09703,-0.020466,0.0041103,-0.0095337,-0.031294,0.008765,-0.03628,-0.0054299,0.012744,-0.0013342,0.017052,0.049564,0,0,0,0,0,0,0
6,0.98926,-0.064231,-0.082267,-0.023593,0.044943,-0.10648,0.0019842,0.038482,-0.052075,0.0085255,0.062831,0.078828,-0.019285,0.038795,0.013966,-0.0078592,0.0075766,0.024212,-0.0092908,0.010287,-0.027296,0.021342,0.026102,0,0,0,0,0,0,0
6,0.97827,0.030934,-0.011458,-0.073881,0.085369,-0.12617,-0.003597,0.079392,-0.042579,-0.031152,0.048586,0.1093,-0.027397,0.016733,-0.030913,-0.0034412,-0.022859,0.0045723,-0.014619,0.0003365,-0.0047542,-0.0094451,0.015109,0,0,0,0,0,0,0
6,0.96313,0.2022,0.12598,0.040824,0.04187,-0.0099617,-0.022169,0.062732,-0.013157,-0.013181,0.025265,0.037535,0.072942,-0.073291,0.048558,0.013464,-0.035495,0.010337,0.067376,0.096904,-0.061684,0.032373,0.057507,0,0,0,0,0,0,0
6,0.97291,0.20059,0.067711,0.021102,-0.027905,0.025972,-0.055604,0.068355,-0.061152,0.0078403,0.036445,0.01057,0.093746,-0.038147,0.0098437,-0.0028746,-0.029524,-0.00014616,0.039331,-0.0020978,-0.0080091,0.037154,0.00047407,0,0,0,0,0,0,0
6,0.96314,0.1927,0.10486,0.048847,0.029866,0.044141,-0.070463,0.10723,-0.063452,-0.0058996,0.072309,0.0078486,0.10705,-0.056414,-0.006605,0.0023383,-0.03818,0.036742,0.038888,-0.0038384,-0.029128,0.042462,-0.0015997,0,0,0,0,0,0,0
6,0.92841,0.26567,0.17118,0.12463,0.029877,0.1092,-0.04089,0.09252,-0.093643,0.024468,0.0026922,0.0072895,0.1179,-0.080752,0.024658,0.0014995,-0.044467,0.041207,0.027583,-0.021495,0.12059,-0.0083596,-0.017886,0,0,0,0,0,0,0
6,0.94493,0.26883,0.13685,0.11653,-0.029118,0.029762,-0.085692,0.05828,-0.090064,0.01997,0.018255,-0.0059248,0.10397,-0.023733,-0.028962,0.029942,-0.032549,0.0057097,0.018523,0.0034899,0.014027,0.035846,-0.063497,0,0,0,0,0,0,0
6,0.98283,0.1527,0.053438,0.0064202,0.037917,0.028886,-0.027535,0.051713,-0.041858,-0.016391,-0.0071683,0.025498,0.10042,-0.097403,0.026827,-0.012849,-0.050244,0.038276,-0.025006,0.0096339,-0.061877,0.030405,-0.0012652,0,0,0,0,0,0,0
7,0.99442,-0.0077479,-0.16299,-0.027004,0.028065,-0.015759,-0.087112,-0.02658,0.028511,0.0096883,-0.020901,0.054305,0.05961,0.036709,-0.072342,0.034122,0.017199,-0.019002,-0.0215,0.0049723,-0.012909,0.095981,-0.036768,0,0,0,0,0,0,0
7,0.97713,-0.089503,-0.17579,-0.045626,0.10024,-0.034255,-0.074997,-0.038176,0.037441,-0.025832,0.028001,0.086998,0.013911,0.066498,-0.0023252,0.024274,0.022866,-0.010181,0.010153,-0.037756,0.027303,0.013422,0.049523,0,0,0,0,0,0,0
7,0.97679,0.02558,-0.18712,0.01089,0.042749,-0.044921,-0.11392,0.00049713,0.033756,-0.0063887,-0.03822,-0.0079288,0.018019,-0.05424,-0.013976,0.0308,0.0073228,-0.0059028,0.0084046,0.012781,0.001006,0.027564,0.027531,0,0,0,0,0,0,0
7,0.95804,0.16276,-0.12227,0.037959,0.042035,-0.026935,-0.20859,-0.0095625,-0.069997,-0.020778,-0.02411,0.057253,0.055131,-0.031351,0.057274,-0.034278,0.027165,-0.031507,-0.045848,-0.046624,0.037814,-0.0058717,-0.033542,0,0,0,0,0,0,0
7,1.02,-0.0018717,-0.03017,0.024446,-0.0058107,0.020534,-0.02255,0.041111,0.0034937,0.032278,0.032014,0.023893,0.096789,0.063897,-0.047613,0.056585,-0.045858,0.044872,-0.080301,-0.04549,0.047347,-0.10465,-0.05745,0,0,0,0,0,0,0
7,0.98216,0.0035539,-0.17325,-0.042297,0.039038,-0.069801,-0.10038,-0.079526,0.0021997,-0.025581,-0.022725,0.016419,0.037055,0.010741,-0.045048,0.044638,-0.031905,0.072764,0.11026,0.020512,0.037961,0.0034302,-0.0046702,0,0,0,0,0,0,0
7,0.95869,0.031928,-0.22917,-0.00061177,0.087901,-0.024039,-0.1317,-0.0089973,-0.013855,0.0054195,-0.05193,-0.026974,0.046685,-0.039929,0.054125,0.028804,0.010118,0.040141,0.0030071,-0.038598,0.00024105,0.011709,0.02064,0,0,0,0,0,0,0
7,1.002,0.020479,-0.088469,0.048325,0.02224,-0.024802,-0.10252,0.016974,0.031858,-0.030192,-0.033,-0.052778,0.065858,-0.013403,-0.02945,0.032099,-0.044356,-0.020252,-0.078047,-0.013775,-0.043492,-0.043713,0.0644,0,0,0,0,0,0,0
7,0.97988,0.0050178,-0.17032,-0.0049337,0.054547,-0.041506,-0.15069,-0.028583,0.026144,-0.018592,-0.051177,0.0089233,0.055419,-0.038384,-0.047898,0.0030423,-0.026582,-0.022787,-0.025652,-0.053612,0.012335,0.032832,0.038101,0,0,0,0,0,0,0
7,0.98217,-0.010102,-0.12749,0.037259,0.076736,-0.033951,-0.15012,-0.011661,0.027904,-0.044545,-0.0047336,-0.033111,0.026254,-0.044699,0.04019,0.0065362,-0.032057,0.029211,0.062446,-0.065082,-0.018938,-0.005209,-0.015196,0,0,0,0,0,0,0
7,0.96689,0.029363,-0.18648,-0.016069,0.076834,-0.042493,-0.15872,-0.020012,0.0092565,0.019381,-0.061529,-0.040317,0.018451,-0.037203,0.010017,0.015987,0.0038806,0.010152,0.040523,-0.029288,-0.010707,0.010041,0.014659,0,0,0,0,0,0,0
7,0.97409,0.0005824,-0.18944,0.00069131,0.069818,-0.044052,-0.1533,-0.0095662,0.053864,-0.047655,-0.021897,-0.025276,0.016261,0.0013722,-0.012593,0.020297,0.0065855,0.0076613,0.052606,-0.025537,0.018306,0.033576,-0.0048348,0,0,0,0,0,0,0
7,0.93717,0.068615,-0.26503,-0.044071,0.093872,-0.039482,-0.16691,-0.0012061,-0.037401,-0.056742,-0.012449,0.061273,0.12332,-0.063123,0.055042,-0.043087,0.04331,0.07268,-0.044464,-0.0084489,-0.023421,0.01289,0.05679,0,0,0,0,0,0,0
7,0.95375,0.0082772,-0.24806,-0.026862,0.13181,-0.02245,-0.096329,-0.019115,0.006211,-0.028548,-0.070989,-0.044723,0.066603,-0.041163,0.082612,-0.0032094,0.0024411,0.0018873,-6.6397e-05,0.0036816,-0.028709,0.029601,0.042567,0,0,0,0,0,0,0
7,0.94181,0.021357,-0.20844,-0.029912,0.14585,-0.10471,-0.17701,0.023739,-0.025303,0.021673,-0.10947,-0.097429,0.077544,-0.051475,0.0061798,0.017047,-0.024549,0.0076563,-0.0075018,-0.054684,0.00061509,-0.051532,0.016663,0,0,0,0,0,0,0
7,0.98249,0.078235,-0.098118,0.045035,-0.014833,-0.0042555,-0.15191,0.013797,-0.029075,0.006426,-0.062839,0.0091144,0.036974,-0.035103,0.049286,0.0077974,-0.0087866,-0.03106,-0.019663,-0.075369,-0.007767,0.01262,-0.00087092,0,0,0,0,0,0,0
7,0.98305,0.085171,-0.078693,0.017833,0.02604,-0.012373,-0.16013,0.01276,-0.050133,-0.033946,-0.0095169,-0.0028091,0.015149,-0.045633,0.032389,-0.01257,-0.0018745,-0.018783,0.029065,-0.018517,-0.052398,0.023028,-0.0070467,0,0,0,0,0,0,0
7,0.97655,0.071883,-0.10243,0.024327,0.018624,-0.029748,-0.16096,-0.038235,-0.052131,-0.012655,-0.018608,-0.01408,0.040247,-0.042493,0.039106,-0.025029,0.0027725,0.012224,0.021636,-0.052444,-0.0078364,0.031897,0.020399,0,0,0,0,0,0,0
7,1.0036,0.054255,-0.026242,0.057095,-0.059888,-0.0048628,-0.091238,0.053965,0.0051685,0.011485,-0.020018,0.024905,0.091641,-0.064908,0.044638,0.0044975,-0.016704,-0.017083,-0.017757,-0.045653,0.014744,-0.032867,0.070944,0,0,0,0,0,0,0
7,0.96535,0.16508,0.071428,0.046348,-0.041549,0.068744,-0.15042,0.05261,-0.21096,0.037279,-0.02277,-0.047189,0.079136,0.00037777,-0.0094631,-0.019738,0.0019156,-0.0016492,0.0026185,-0.036785,0.0092298,0.030145,-0.070091,0,0,0,0,0,0,0
7,0.94049,0.24028,-0.095097,0.11291,0.12898,0.024346,-0.16248,-0.029095,-0.030251,-0.093324,-0.0082129,0.091806,0.14702,-0.014246,0.066652,0.015041,-0.030301,0.025264,-0.016924,-0.048763,-0.045885,-0.015001,-0.045572,0,0,0,0,0,0,0
7,0.95077,0.21244,0.059275,0.081007,-0.037793,0.11848,-0.15416,0.014986,-0.15129,0.014026,0.012027,0.014614,0.10306,-0.019201,0.028116,-0.012203,-0.015715,0.0045244,-0.031446,0.0056571,0.012573,0.045463,-0.069162,0,0,0,0,0,0,0
7,0.94575,0.21677,0.09658,0.10456,-0.021696,0.066364,-0.17,0.049792,-0.08198,0.033765,-0.023716,0.051402,0.063802,-0.060668,-0.017465,-0.0072032,-0.052107,0.019116,-0.0038488,0.0054093,-0.01524,-0.0063707,-0.025818,0,0,0,0,0,0,0
7,0.93756,0.22474,-0.063903,0.021265,0.11316,0.0092433,-0.23344,0.015511,-0.031962,-0.051802,-0.039215,0.023286,0.12095,-0.057097,0.041668,-0.012928,-0.019782,-0.023733,-0.012068,-0.057996,-0.038505,-0.0014405,-0.079867,0,0,0,0,0,0,0
8,0.96245,-0.16815,-0.17407,-0.074551,0.023552,-0.1508,0.0029136,0.019383,0.033643,0.012131,-0.024969,0.0011143,-0.057415,0.021046,-0.05456,0.037967,-0.0018017,0.029017,-0.018288,-0.062692,-0.026283,-0.0066758,-0.02202,0,0,0,0,0,0,0
8,0.96084,-0.19005,-0.13203,-0.10096,0.042329,-0.12573,-0.027325,-0.012773,0.01074,0.027306,-0.038316,-0.022969,-0.055205,0.076979,-0.063827,0.025813,-0.039671,-0.041087,0.037477,-0.057569,0.024614,0.010652,-0.042838,0,0,0,0,0,0,0
8,0.9884,-0.096081,-0.085008,-0.0086952,0.033941,-0.081843,0.0030956,0.024543,0.00098273,0.01924,-0.045005,0.012433,-0.049571,0.095527,0.018129,0.026746,-0.079427,-0.021374,0.03416,-0.032772,-0.023754,-0.0056409,0.034403,0,0,0,0,0,0,0
8,0.98781,-0.013203,-0.069857,0.01125,0.031121,-0.044846,-0.039169,0.05453,-0.088092,0.014429,0.013922,0.010699,-0.052918,0.036684,0.02433,0.00078696,-0.023532,0.0068575,0.0040587,-0.016703,-0.043282,-0.0051661,0.055977,0,0,0,0,0,0,0
8,0.95493,-0.1916,-0.19608,-0.099676,0.02481,-0.11134,-0.004288,-0.014726,0.058139,-0.030212,0.042003,0.036039,-0.0052946,0.065718,-0.043433,0.018694,0.011611,-0.018929,0.01044,-0.087653,-0.018156,-0.05309,-0.0052752,0,0,0,0,0,0,0
8,0.98538,-0.10935,-0.1017,-0.048915,0.042151,-0.10688,0.016205,-0.021271,0.0050649,-0.012638,-0.0006041,-1.5807e-05,-0.035319,0.067062,-0.0020822,0.026509,-0.016559,-0.042552,0.019701,-0.063324,-0.0162,0.036006,0.023384,0,0,0,0,0,0,0
8,1.0096,-0.0035417,-0.076874,0.032032,0.0054492,-0.025842,0.036809,-0.016852,-0.051989,-0.0051261,-8.4729e-05,-0.030265,0.00076422,-0.0025339,-0.0062695,0.037462,-0.013838,0.031669,0.045353,0.049441,0.012592,0.099837,-0.024149,0,0,0,0,0,0,0
8,0.99232,-0.11353,-0.055084,0.019572,0.03323,-0.071846,-0.04321,-0.0032308,-0.012775,-0.06046,0.019591,0.043127,-0.017983,0.032176,0.011527,-0.023715,-0.042291,0.017883,0.033709,-0.0038275,0.018661,-0.02591,0.03578,0,0,0,0,0,0,0
8,0.99322,-0.10863,-0.053048,0.0012866,0.033588,-0.051655,-0.075038,0.047609,-0.045754,-0.023039,-0.016027,0.035525,-0.02188,0.02934,0.00046158,-0.028895,-0.081658,0.018084,0.027161,0.028871,0.0034569,0.02124,0.0034384,0,0,0,0,0,0,0
8,0.99395,-0.083514,-0.086068,0.0085061,0.044988,-0.051323,-0.00087774,0.052402,0.017703,0.011377,-0.042364,0.0062336,-0.046327,0.07202,-0.0024528,0.025017,-0.068036,-0.061296,0.0056766,-0.013016,0.007484,-0.030878,0.030983,0,0,0,0,0,0,0
8,0.98979,-0.093831,-0.077281,-0.02507,0.090335,-0.02824,-0.054049,0.035826,-0.052312,0.027666,-0.022911,0.033912,-0.029358,0.073042,-0.0064009,-0.0095507,-0.071507,-0.037607,0.016646,-0.017658,0.025746,0.0085221,0.0098799,0,0,0,0,0,0,0
8,0.9923,-0.062629,-0.083337,-0.010208,0.029867,-0.061935,-0.0080995,0.01444,-0.014047,0.0052802,-0.035529,0.019659,-0.02818,0.060463,0.0083199,0.022366,-0.070842,0.023785,0.039453,0.030052,-0.076438,-0.026567,0.031223,0,0,0,0,0,0,0
8,0.98016,0.084575,0.059705,0.065753,0.013201,-0.034507,-0.084778,0.0096531,-0.10984,-0.007412,0.052999,0.12263,-0.021238,0.085083,0.023704,-0.0061636,-0.062865,-0.0030152,-0.011104,0.030006,-0.00079877,0.063001,0.012918,0,0,0,0,0,0,0
8,0.98719,0.048009,-0.0096165,-0.031732,0.07815,-0.027759,-0.071962,0.023394,-0.10835,-0.035969,0.030334,0.020668,-0.029888,0.069211,0.0031154,-0.030999,-0.039031,-0.017754,-0.012689,-0.025138,-0.07147,0.013818,0.0039945,0,0,0,0,0,0,0
8,0.98447,0.00050071,-0.027078,-0.035653,-0.0051321,-0.058524,-0.083468,0.0078107,-0.10037,0.004944,0.021783,0.008003,-0.031009,0.071164,0.033933,-0.029169,-0.02798,-0.03641,-0.026234,-0.069493,-0.066278,0.012932,0.027078,0,0,0,0,0,0,0
8,0.98916,0.0089458,-0.027782,0.0039311,0.016069,-0.043206,-0.067507,0.024976,-0.089085,-0.0011787,0.010145,0.020871,-0.044837,0.046826,0.044238,-0.033289,-0.012083,-0.012135,0.021979,-0.0048523,-0.02935,-0.0069289,0.039841,0,0,0,0,0,0,0
8,0.98718,-0.011683,-0.035247,-0.020429,0.022221,-0.070733,-0.071965,0.036883,-0.088706,0.00032362,0.013334,0.0099715,-0.040702,0.038488,0.026999,-0.021912,-0.026321,-0.008787,0.0013191,-0.023828,-0.043951,0.021564,0.033029,0,0,0,0,0,0,0
8,0.99018,-0.0061179,-0.059857,0.0057483,0.0020552,-0.050113,-0.047916,0.054533,-0.066533,0.0078357,0.016139,0.0089856,-0.028831,0.046998,0.035627,-0.0239,-0.037481,-0.013644,0.013434,-0.0020003,0.0042844,-0.012434,0.051715,0,0,0,0,0,0,0
8,0.9698,0.15102,0.052089,0.10152,-0.044277,0.042095,-0.057582,0.041968,-0.10313,0.015432,0.026382,0.072439,0.056451,0.013654,0.02967,0.0019177,-0.003088,0.025499,-0.021098,0.0079529,-0.0029266,0.030401,-0.0093953,0,0,0,0,0,0,0
8,0.97319,0.1377,0.063992,0.093141,-0.0294,0.036926,-0.059636,0.034903,-0.095991,-0.0024596,0.0071407,0.064905,0.070825,-0.0033648,0.054691,-0.014747,-0.0028852,0.011164,-0.042106,0.026854,-0.011239,0.015253,0.0035303,0,0,0,0,0,0,0
8,0.96676,0.16593,0.047376,0.096745,-0.018532,0.043664,-0.075015,0.030437,-0.1177,0.0017068,0.027766,0.052604,0.06608,0.054827,0.0013871,0.0035701,-0.0022514,-0.007335,-0.027545,0.023314,-0.020033,0.053207,0.035026,0,0,0,0,0,0,0
8,0.96806,0.14527,0.072027,0.094522,-0.049808,0.041574,-0.074968,0.026265,-0.10927,0.0068415,0.038685,0.082213,0.079826,-0.0047656,0.031576,-0.022393,0.015557,0.026953,-0.01642,0.027551,-0.035957,0.031146,-0.044324,0,0,0,0,0,0,0
8,0.97174,0.14763,0.046796,0.09557,-0.049913,0.030157,-0.050136,0.038957,-0.092844,0.0005998,0.021955,0.075483,0.074218,0.018258,0.030648,-0.028757,0.010318,0.013131,-0.003148,0.0080944,-0.038695,0.028482,0.023638,0,0,0,0,0,0,0
8,0.9663,0.14761,0.060767,0.13507,-0.027782,0.017003,-0.081681,0.044889,-0.088102,-0.0091156,0.015336,0.060507,0.050985,0.036854,0.018232,0.01325,-0.0057314,0.056296,-0.02177,0.019346,0.01051,0.018302,0.014084,0,0,0,0,0,0,0
9,0.9907,0.04513,-0.014562,-0.083541,0.033244,-0.070161,-0.037299,0.049312,-0.029865,-0.048266,0.058508,0.048113,-0.034609,0.010513,-0.0067537,0.0015389,0.019928,0.01497,-0.037904,-0.0021219,-0.0062669,-0.015848,0.012259,0,0,0,0,0,0,0
9,0.97666,0.10104,0.042049,-0.0085496,0.07227,-0.091783,0.048894,0.13906,0.0066312,-0.043517,0.032393,0.078423,-0.010259,-0.0085119,-0.00046892,-0.052797,-0.00088441,0.01552,0.00017153,0.0023595,0.047572,-0.0030807,-0.035773,0,0,0,0,0,0,0
9,0.99099,0.048256,-1.3723e-05,-0.073594,0.039182,-0.029534,-0.054427,0.061419,-0.013666,-0.056683,0.023626,0.074467,-0.0031699,0.0022559,-0.024951,-0.0022208,0.042921,0.018374,-0.013491,0.016326,-0.0093808,0.0091702,0.044837,0,0,0,0,0,0,0
9,0.94884,-0.15946,-0.12975,0.087544,-0.074292,0.022664,-0.14304,-0.099386,0.001944,-0.0029343,0.039478,-0.034756,-0.030573,0.135,0.058354,0.016224,-0.0164,-0.057633,0.024122,-0.034262,-0.038829,0.00069376,-0.030412,0,0,0,0,0,0,0
9,0.96445,0.14315,0.015357,-0.091433,0.11096,-0.11249,-0.0052554,0.079766,0.027801,-0.078364,0.044977,0.079713,0.023002,0.023161,-0.061949,0.0015861,0.031413,0.0026567,0.010609,0.037493,0.041386,-0.027529,-0.011818,0,0,0,0,0,0,0
9,0.97743,0.050477,-0.015267,-0.099977,0.059721,-0.129,-0.021804,0.059296,0.027679,-0.060558,0.070647,0.024547,-0.01272,0.010284,0.025896,-0.02101,0.049496,-0.011791,-0.025749,0.022505,0.069729,-0.016323,0.016205,0,0,0,0,0,0,0
9,0.97629,0.12914,0.012099,-0.085667,0.062222,-0.06822,-0.039209,0.084882,0.016412,-0.051208,0.035889,0.067728,-0.025424,-0.0024489,-0.015039,0.0072042,-0.042819,0.023288,-0.031333,-0.0092436,0.021996,0.061636,-0.043496,0,0,0,0,0,0,0
9,0.97208,0.12189,0.084331,-0.041985,0.073209,-0.080693,-0.0077119,0.12374,0.0024339,-0.071187,0.01473,0.080871,0.012407,-0.011276,-0.048192,-0.02151,0.01821,0.0020876,0.01046,0.058549,0.0026591,-0.039038,-0.011628,0,0,0,0,0,0,0
9,0.99204,0.077146,0.0044041,-0.02873,0.057362,-0.083168,-0.0075882,0.089835,-0.017773,-0.026207,0.073406,0.0020919,0.011616,-0.01514,-0.015094,-0.015979,0.028194,-0.018698,-0.083018,-0.019698,0.012048,-0.030488,-0.021454,0,0,0,0,0,0,0
9,0.96713,0.12214,0.085977,-0.071107,0.1065,-0.096637,0.015929,0.099951,0.034589,-0.072591,0.052756,0.044782,-0.0089703,-0.01852,-0.063217,-0.0043273,0.048391,-0.0036298,0.046605,0.017971,-0.00031906,0.039177,-5.2191e-05,0,0,0,0,0,0,0
9,0.9878,0.091799,0.035058,-0.041941,0.081892,-0.0571,-0.0099378,0.073055,-0.014474,-0.027865,0.048084,0.054656,0.031263,-0.028128,-0.051592,-0.026637,0.044954,0.038245,-0.01892,0.056943,0.0027459,0.033615,-0.041252,0,0,0,0,0,0,0
9,0.97742,0.10605,0.035944,-0.068685,0.10401,-0.051729,-0.014024,0.07056,0.0047737,-0.066314,0.065066,0.069007,0.025024,-0.016242,-0.011754,-0.034271,0.053297,-0.02406,0.022372,-0.015674,0.014861,0.0077446,-0.072796,0,0,0,0,0,0,0
9,0.96207,-0.082597,-0.013418,0.18611,-0.074015,0.045179,-0.092988,-0.11127,-0.059704,0.012208,-0.050917,0.004943,0.064469,0.063404,-0.050008,0.03098,0.022747,-0.019539,0.002537,0.0894,-0.0051497,-0.0054671,0.020428,0,0,0,0,0,0,0
9,0.96586,-0.076342,-0.033625,0.13915,-0.098747,0.038532,-0.081967,-0.092547,-0.063646,-0.0056298,-0.0295,-0.0082335,0.066948,0.10898,-0.041763,0.0039865,0.031168,-0.02799,0.0064996,0.05295,0.012164,-0.038484,-0.015027,0,0,0,0,0,0,0
9,0.95872,-0.12191,-0.066621,0.21105,-0.0563,0.02174,-0.06702,-0.058273,-0.063132,0.040712,0.030739,-0.0038408,0.083844,0.082622,-0.045807,0.0054491,0.01662,-0.053883,0.029831,0.0060731,-0.0013034,0.0033865,-0.046429,0,0,0,0,0,0,0
9,0.96822,-0.076142,-0.063586,0.2019,-0.068505,0.046502,-0.034283,-0.070204,-0.0612,0.010234,0.032475,-0.033337,0.073869,0.077584,-0.004118,0.035529,0.023278,-0.056039,-0.0069812,0.01258,-0.024527,0.037117,-0.017598,0,0,0,0,0,0,0
9,0.95895,-0.12089,0.00027097,0.20303,-0.041638,0.056741,-0.086947,-0.11183,-0.040555,0.036359,-0.0028432,-0.0031189,0.070881,0.056476,-0.045406,0.016649,0.042558,-0.03475,-0.0041539,0.071986,-0.019236,-0.054476,0.023769,0,0,0,0,0,0,0
9,0.95136,-0.1323,-0.076047,0.17195,-0.073414,0.031201,-0.088036,-0.12943,-0.055861,-0.0050866,0.043506,-0.0054019,0.085841,0.11662,-0.09514,0.034202,0.052968,-0.033309,0.013244,0.010251,-0.033466,0.015131,0.025039,0,0,0,0,0,0,0
9,0.98108,0.11639,0.076098,0.03118,-0.014557,0.027509,-0.033422,0.03753,-0.11011,-0.055927,-0.022221,0.035521,0.090559,-0.0033936,-0.0039565,-0.057251,0.03053,-0.008481,-0.049985,0.019567,-0.035125,-0.021099,0.025445,0,0,0,0,0,0,0
9,0.97562,0.14796,0.11142,0.052797,0.021452,-0.030092,-0.020997,0.055843,-0.02316,-0.025073,-0.0054217,0.060388,0.072554,-0.02505,-0.045006,-0.059331,-0.048032,-0.0047065,0.043407,0.046273,-0.022744,-0.015149,-0.028461,0,0,0,0,0,0,0
9,0.97175,0.19514,0.10685,0.039274,0.029246,-0.0039309,-0.045497,0.023593,-0.0016093,-0.055872,-0.0095262,0.055206,0.031007,-0.08183,-0.0034913,-0.046958,-0.05739,0.024025,-0.011527,0.047393,-0.025517,0.013268,0.01656,0,0,0,0,0,0,0
9,0.97935,0.11768,0.066775,0.035568,0.0069621,0.032462,-0.028624,0.05202,-0.12768,-0.063049,-0.01217,0.031118,0.06517,-0.005455,-0.010328,-0.053154,-0.014272,0.023595,-0.022217,0.024407,-0.041561,-0.049923,0.021197,0,0,0,0,0,0,0
9,0.9762,0.146,0.10202,0.067666,0.031905,-0.025564,-0.020674,0.06464,-0.028167,-0.014628,-0.0045649,0.062396,0.06051,-0.020076,-0.050331,-0.045842,-0.037802,-0.0073737,0.050301,0.05667,-0.0014918,-0.011863,-0.042533,0,0,0,0,0,0,0
9,0.97005,0.19351,0.1048,0.0028106,0.021996,-0.014811,-0.059054,0.033737,-0.00020066,-0.054721,-0.002967,0.031207,0.066641,-0.038011,-0.0010309,-0.0042849,-0.070231,0.046063,0.031884,0.051737,0.0049787,-0.006589,0.01916,0,0,0,0,0,0,0
10,0.98075,0.08161,-0.1106,-0.0015996,0.056928,-0.038869,-0.11232,-0.038007,0.00091506,0.015373,-0.029527,0.024297,0.036925,0.0019227,-0.0070445,-0.067624,-0.0056783,0.03691,-0.0017605,-0.013229,-0.04828,-0.0013122,0.035066,0,0,0,0,0,0,0
10,0.98767,0.069046,-0.094834,0.0019638,0.025714,-0.029918,-0.11909,-0.018912,-0.01884,0.04297,-0.067645,0.018088,0.036109,-0.0051859,0.010977,-0.056349,-0.019012,0.025091,0.022392,-0.010813,-0.019323,-0.00015889,0.054807,0,0,0,0,0,0,0
10,0.9735,0.06341,-0.16627,-0.010363,0.090264,-0.012218,-0.099647,-0.014227,0.010023,-0.011993,-0.078004,0.0072385,0.030083,0.0076095,0.0046331,-0.012235,0.013853,0.02686,0.036426,-0.028959,-0.031849,-0.022252,-0.009784,0,0,0,0,0,0,0
10,0.96438,0.1055,-0.16583,-0.024662,0.085228,-0.059548,-0.13159,-0.014768,-0.069055,-0.026436,0.018006,0.011981,0.045944,-0.014291,0.026186,-0.051689,0.014766,0.010573,-0.022995,-0.0054161,0.043879,0.0076586,0.040712,0,0,0,0,0,0,0
10,0.97757,0.014284,-0.16617,-0.037497,0.096422,-0.033031,-0.10087,-0.065557,0.048736,-0.027629,-0.053803,0.032904,0.056124,-0.02982,-0.050111,0.0057221,0.031982,0.015414,0.051848,0.023744,0.0075745,0.0085939,0.020545,0,0,0,0,0,0,0
10,0.96351,0.0074315,-0.24527,-0.039583,0.0487,-0.022082,-0.14129,0.039214,0.074168,-0.018417,0.024341,0.045406,0.063223,0.020474,-0.036935,0.035871,-0.020185,-0.07633,0.034146,0.0086686,0.027113,-0.072624,0.01134,0,0,0,0,0,0,0
10,0.95961,0.14467,-0.12454,0.035489,0.038262,0.047455,-0.16697,-0.041921,-0.033483,0.03269,-0.021307,0.0035535,0.04617,-0.056317,-0.044492,0.0081282,-0.059728,-0.0038692,0.080199,-0.043731,-0.024074,-0.036683,-0.020323,0,0,0,0,0,0,0
10,0.97332,0.0058547,-0.17897,0.024593,0.089585,-0.02438,-0.12505,-0.02111,0.033273,-0.055672,0.01307,0.032649,0.058216,-0.041658,0.04225,-0.023864,0.0077752,0.044013,0.070975,-0.053955,-0.00080335,-0.021165,-0.020674,0,0,0,0,0,0,0
10,0.97265,0.059251,-0.16928,0.0011909,0.050117,-0.031838,-0.13943,-0.019113,-0.041515,0.023035,-0.045427,0.012086,0.031202,-0.023806,0.0043173,-0.0020348,-0.037425,0.037772,0.021099,-0.027286,-0.026484,-0.032779,-0.023993,0,0,0,0,0,0,0
10,0.94919,0.015682,-0.25877,-0.027519,0.10699,-0.056685,-0.13541,-0.019997,0.028942,-0.017109,-0.021512,-0.0058436,0.07858,-0.080598,-0.012794,-0.01203,0.02948,-0.011068,-0.018478,-0.01894,-0.0069633,-0.020145,0.013908,0,0,0,0,0,0,0
10,0.95941,0.048283,-0.2192,-0.016938,0.11088,-0.027124,-0.12893,-0.01108,0.017939,0.0018158,-0.057872,-0.0302,0.062372,-0.029174,-0.00016406,0.0077995,0.0022504,-0.017135,-0.0053494,-0.0085492,-0.033078,-0.0041327,-0.02053,0,0,0,0,0,0,0
10,0.93702,0.056274,-0.2523,-0.059592,0.11294,-0.04439,-0.15267,-0.077295,0.023311,0.00047816,-0.081034,-0.013104,0.10189,-0.03002,0.037092,-0.0060299,0.028937,0.044668,0.010218,-0.009176,0.025143,-0.049356,-0.00020338,0,0,0,0,0,0,0
10,0.93603,0.31195,-0.13679,0.096831,0.17844,0.037303,-0.20322,-0.081711,0.042015,0.082963,-0.029552,-0.040126,0.028695,0.021741,-0.01458,-0.0037754,0.036351,-0.010715,0.021747,0.080274,-0.0034258,-0.036238,0.034044,0,0,0,0,0,0,0
10,0.96301,0.19904,-0.063884,0.053011,0.054485,-0.039789,-0.14791,-0.074902,-0.017252,0.00012107,0.0048901,0.029596,0.060448,-0.026428,-0.01494,-0.087887,-0.040047,0.034595,-0.020201,-0.030606,-0.016655,-0.011498,-0.0035116,0,0,0,0,0,0,0
10,0.95685,0.2379,-0.096633,0.12387,0.18612,-0.020046,-0.21544,-0.1052,0.079273,-0.00068706,-0.015373,-0.0027539,0.010871,-0.0090842,0.026301,-0.055614,0.11144,0.0051929,-0.0046612,-0.047412,0.022733,0.045188,-0.012913,0,0,0,0,0,0,0
10,0.95306,0.24303,-0.14574,0.083588,0.13474,-0.037591,-0.18984,-0.059929,0.020987,0.040846,0.049376,-0.042453,-0.029105,0.018328,-0.02735,-0.10655,0.10959,0.06015,0.067753,0.038686,0.022247,-0.017581,0.069078,0,0,0,0,0,0,0
10,0.96274,0.1719,-0.11379,0.16097,0.12798,-0.010847,-0.19157,-0.049931,0.042707,-0.018356,-0.022985,0.011221,-0.034408,-0.0010839,0.012549,-0.01226,0.091439,0.033782,0.0038982,-0.059053,0.020122,0.032291,0.042982,0,0,0,0,0,0,0
10,0.96337,0.081578,-0.16678,-0.0011472,0.091873,0.022441,-0.1121,-0.019255,-0.048713,-0.1322,-0.049355,0.0046362,0.067307,-0.12011,-0.011477,0.037721,-0.061303,-0.061281,0.0072754,-0.02949,0.038913,-0.00019847,0.012241,0,0,0,0,0,0,0
10,0.98713,0.047157,-0.11565,0.019514,0.065926,0.0032545,-0.073513,-0.020698,-0.037465,-0.048336,0.0074962,0.028533,0.029948,0.012645,0.0066625,-0.020652,-0.01763,0.0058203,0.028178,-0.039541,-0.02015,0.028044,0.020921,0,0,0,0,0,0,0
10,0.98313,0.060729,-0.13425,-0.012457,0.0045873,-0.082072,-0.098807,-0.0043277,-0.040769,0.014284,-0.055933,0.013707,0.037915,0.00070399,-0.0099637,-0.018872,-0.036922,-0.013512,-0.019299,-0.011185,0.0043926,0.0061436,0.039813,0,0,0,0,0,0,0
10,0.98575,0.047341,-0.097855,0.056179,0.061358,-0.0016605,-0.11105,-0.0067342,0.016045,-0.029863,-0.042229,0.0025723,0.00028809,0.021856,0.018042,-0.043359,0.0063689,0.027829,0.022639,-0.034259,-0.051769,0.0041018,-0.012268,0,0,0,0,0,0,0
10,0.98899,0.037356,-0.11314,0.036339,0.077687,0.028941,-0.084977,0.0021916,-0.031186,-0.027628,-0.027953,0.051931,-0.012116,-0.011126,0.044174,-0.036434,-0.0058279,0.0030296,0.044736,0.0049412,0.012653,-0.023752,-0.017565,0,0,0,0,0,0,0
10,0.98256,0.02727,-0.12074,0.0021562,0.092381,-0.015665,-0.099479,-0.0093398,-0.030883,-0.029627,0.0046861,0.0022101,0.048949,-0.00086705,-0.0077878,0.020293,-0.044517,0.028494,0.0031467,0.0011004,-0.012213,-0.065815,0.048113,0,0,0,0,0,0,0
10,0.98398,0.067002,-0.13445,0.050765,0.039916,0.010191,-0.10535,-0.00061161,0.016059,0.019832,-0.081454,0.022425,-0.0069204,0.045963,-0.005799,-0.042366,-0.0093801,0.03027,0.0086396,-0.046229,-0.041297,0.030041,-0.010948,0,0,0,0,0,0,0
11,0.97762,0.035809,-0.072958,-0.14347,0.049561,-0.084481,-0.009391,-0.032121,-0.040981,-0.036509,0.075385,0.10387,-0.06834,0.0078079,-0.055798,0.027613,0.060057,0.013284,0.015513,-0.0052391,0.038942,0.017594,0.0042486,0,0,0,0,0,0,0
11,0.9755,-0.041762,-0.013429,-0.14054,0.015327,-0.11814,-0.0061693,0.048739,-0.04216,-0.044817,0.060632,0.053899,-0.032725,0.024584,-0.063191,-0.02657,0.080006,0.0043139,-0.050276,0.0085851,-0.0092206,0.012813,0.011831,0,0,0,0,0,0,0
11,0.96807,0.13452,0.038515,-0.12806,0.052974,-0.079624,0.019323,0.1113,0.065309,-0.033461,0.063794,0.062132,-0.072516,0.024536,0.043011,0.015165,-0.014232,0.045741,-0.016636,-0.006407,0.029616,0.0078875,-0.021657,0,0,0,0,0,0,0
11,0.98189,0.049782,0.046807,-0.068954,0.06031,-0.093516,0.040006,0.095529,-0.0072696,-0.010181,0.081645,0.067533,-0.040784,0.0087832,0.031619,-0.0044783,-0.04131,0.041297,-0.0098007,0.0046328,0.04984,0.01209,-0.00053096,0,0,0,0,0,0,0
11,0.95754,0.037822,-0.055314,-0.15664,0.08285,-0.11712,-0.018926,0.099115,0.031767,-0.060877,0.11402,0.043858,-0.040293,0.00044342,0.0097403,-0.02457,0.049696,0.031788,-0.080786,0.054023,0.066095,0.00328,0.03027,0,0,0,0,0,0,0
11,0.9657,0.11246,0.050726,-0.071537,0.071465,-0.123,0.058131,0.11137,0.021785,-0.092393,0.076159,0.037729,0.0019828,0.024224,0.016565,-0.019583,-0.025818,0.023208,-0.0033625,-0.0076257,0.020985,0.057518,-0.080661,0,0,0,0,0,0,0
11,0.9882,0.062987,0.067053,-0.085744,0.055231,-0.043517,-0.052859,0.036222,-0.049344,-0.058449,0.044708,0.067183,0.036049,-0.025212,-0.043108,0.0041941,0.011368,0.074419,-0.0095821,0.0028723,0.0086285,-0.046237,0.017391,0,0,0,0,0,0,0
11,0.9981,0.08126,-0.041086,-0.082254,0.056198,-0.013624,-0.032501,0.016986,-0.087683,-0.014948,0.040374,0.010952,0.0049268,0.010955,-0.065012,0.041478,0.06639,0.054029,-0.012882,0.05702,0.08434,-0.022422,-0.048056,0,0,0,0,0,0,0
11,0.99382,0.10905,-0.032908,-0.049768,0.030515,-0.0096874,0.004426,0.073457,-0.024267,-0.025731,0.073481,0.038641,0.015185,0.022159,-0.027103,0.054942,0.025266,0.021467,-0.087875,-0.022344,0.0045877,-0.049921,0.055167,0,0,0,0,0,0,0
11,0.98051,0.14692,0.052153,-0.039085,0.039387,-0.058483,-0.019197,0.095734,0.022144,-0.083316,0.069401,-0.016857,0.016802,-0.028449,0.020037,0.023141,-0.039843,0.067975,-0.00044614,-0.029865,0.027135,0.0080316,-0.036051,0,0,0,0,0,0,0
11,0.97155,0.14018,0.030698,-0.055441,0.042779,-0.11023,-0.0036609,0.10113,0.028304,-0.053984,0.047123,0.052348,0.018276,0.0029778,0.080275,-0.010811,-0.028547,0.083391,-0.022675,0.010508,0.069673,-0.013475,-0.015992,0,0,0,0,0,0,0
11,0.97873,0.12613,0.05663,-0.033636,0.071751,-0.077949,-0.0060184,0.11481,0.023828,-0.049969,0.039461,0.019414,-0.014376,-0.015115,0.024167,-0.013444,-0.03205,0.029027,0.0034408,0.027263,0.032071,0.0010343,-0.026769,0,0,0,0,0,0,0
11,0.9986,0.055927,0.025865,-0.073494,0.025217,-0.032865,0.059839,0.043932,-0.10417,-0.019208,0.055245,0.0013071,0.0028981,0.0017984,-0.022062,-0.0041713,0.038537,0.016345,0.032179,0.040535,0.069916,-0.023972,-0.042067,0,0,0,0,0,0,0
11,0.97809,0.13484,0.08523,-0.037605,0.03721,-0.026668,-0.031972,0.070071,-0.020981,-0.06767,0.059983,0.040906,-0.022638,-0.035265,-0.089703,0.0099464,-0.00011626,0.051634,-0.023812,-0.014094,-0.023138,0.04634,0.0078316,0,0,0,0,0,0,0
11,0.95882,0.20765,0.078102,-0.038587,0.012645,-0.044082,0.0211,0.11404,0.022769,-0.068781,0.023591,0.10556,-0.0071465,-0.038602,-0.066077,-0.0060943,-0.043563,0.034491,-0.028591,0.015947,0.053471,0.03933,-0.0050453,0,0,0,0,0,0,0
11,0.99096,0.10313,0.041923,-0.017994,0.010459,-0.032413,0.014192,0.11866,-0.035964,-0.03948,0.054101,0.012881,0.03709,0.002383,-0.0054436,0.00034773,0.057299,0.072355,-0.11882,0.0018612,-0.052546,-0.096627,0.072841,0,0,0,0,0,0,0
11,0.98817,0.09651,0.052589,-0.049731,0.023741,-0.017362,0.059742,0.020026,-0.052939,-0.091266,0.085823,0.10105,-0.013471,-0.013843,-0.0084663,-0.032405,0.07203,0.031731,-0.0108,0.0074858,-0.0046549,0.016441,-0.0044816,0,0,0,0,0,0,0
11,0.97816,0.14186,0.065909,-0.04414,0.044547,-0.012545,-0.047894,0.099682,0.0056654,-0.057785,0.061811,0.066266,-0.027684,-0.024137,-0.073081,0.012679,-0.01305,0.036677,0.0073519,0.013831,0.010209,0.051197,0.012171,0,0,0,0,0,0,0
11,0.96922,0.22614,0.075318,-0.04829,-0.034687,-0.048724,-0.10188,0.052641,0.050947,-0.016971,-0.009908,0.07069,-0.15102,-0.041491,0.024361,-0.029786,-0.0039475,-0.02509,0.060923,0.066557,0.065096,0.018708,-0.073231,0,0,0,0,0,0,0
11,0.97085,0.19257,0.052087,0.015386,-0.013129,-0.018205,-0.066984,0.095032,0.050308,-0.07525,0.070228,0.057136,-0.015191,-0.0034786,0.01311,-0.018059,-0.09277,0.030288,0.017566,-0.0039541,-0.038006,-0.0047925,0.0040549,0,0,0,0,0,0,0
11,0.97515,0.14042,-0.012892,-0.0699,0.040351,-0.062298,-0.029778,0.056406,0.018166,-0.079156,0.026529,0.13782,-0.067226,-0.026739,-0.056481,0.062022,-0.07938,0.099784,-0.049123,-0.015872,-0.054845,0.0037541,-0.0073003,0,0,0,0,0,0,0
11,0.96553,0.21841,0.066293,-0.027676,0.08647,0.031051,-0.049303,0.03219,0.037838,-0.033383,0.086941,0.084087,-0.07076,-0.011085,-0.06295,0.098604,-0.1025,0.080048,0.038677,-0.0068462,-0.04861,0.0067068,-0.10568,0,0,0,0,0,0,0
11,0.97129,0.18748,0.059999,0.0065242,0.016512,-0.014186,-0.064571,0.08434,0.023377,-0.061469,0.053114,0.064487,-0.046183,0.00084116,0.027983,-0.026263,-0.11958,0.026784,-0.001723,0.0024611,-0.034385,0.041297,-0.025672,0,0,0,0,0,0,0
11,0.98059,0.11974,0.066689,-0.096967,0.054105,-0.04306,-0.07209,0.010657,0.073721,-0.12395,0.027003,0.094811,-0.067096,-0.060539,-0.014582,-0.023696,-0.054826,0.0040045,-0.0081529,-0.031358,0.025148,0.012484,-0.036993,0,0,0,0,0,0,0
12,0.978,0.044934,-0.13774,-0.014946,0.11048,-0.059667,-0.087484,-0.01129,0.015101,0.015248,-0.011736,0.018516,0.030705,-0.053563,0.017608,-0.043377,0.043798,0.048581,0.032487,-0.01031,-0.002082,-0.023166,0.004866,0,0,0,0,0,0,0
12,0.97602,0.057936,-0.15201,-0.037459,0.097605,-0.064182,-0.072056,-0.030714,-1.1251e-05,0.031571,-0.027632,0.0069875,0.014159,0.0052108,0.05187,-0.028566,0.027545,0.051046,0.019835,-0.033945,-0.015509,-0.029862,-0.0021271,0,0,0,0,0,0,0
12,0.96057,0.055131,-0.20318,-0.034743,0.089471,-0.068072,-0.11126,-0.034138,0.0029335,0.022707,-0.066366,0.0085592,0.037319,0.022768,0.041643,-0.042689,0.03029,0.056895,0.036904,-0.034572,-0.0053735,-0.066208,-0.030534,0,0,0,0,0,0,0
12,0.97345,0.04698,-0.1299,0.043745,0.057553,-0.0074487,-0.14579,-0.00023249,-0.074078,-0.017593,-0.047558,0.044735,-0.032203,0.085125,0.062031,0.065685,0.040507,0.0025996,0.045119,0.0077306,-0.050041,-0.014773,-3.7445e-05,0,0,0,0,0,0,0
12,0.9467,0.047138,-0.25871,-0.025043,0.10242,-0.14498,-0.10077,0.024113,0.063701,0.009004,-0.052871,0.021713,0.053868,-0.072803,-0.032733,-0.031532,0.0015257,0.027015,-0.052697,-0.0065611,-0.015324,0.012583,0.019081,0,0,0,0,0,0,0
12,0.99795,-0.011135,-0.10123,-0.0013264,0.00974,-0.030673,-0.12778,-0.027346,-0.0049603,-0.049156,-0.0082854,0.0018882,0.06725,-0.015681,-0.034566,0.0079702,0.0090567,0.044107,0.018005,-0.012282,-0.035332,0.025716,0.055458,0,0,0,0,0,0,0
12,0.95655,0.075051,-0.1726,0.017407,0.063536,0.00033215,-0.16293,-0.027969,-0.058123,-0.041439,-0.063415,0.019613,0.075792,-0.079644,0.032856,0.039536,-0.022827,-0.022004,0.010045,-0.038696,0.016247,-0.019207,-0.034107,0,0,0,0,0,0,0
12,0.94478,0.037555,-0.25303,-0.032775,0.093355,-0.072041,-0.15996,-0.036649,0.0080599,-0.02848,-0.026062,0.01701,0.074453,-0.075297,0.033543,0.011386,0.0023209,0.022814,-0.0031987,-0.011464,0.047873,-0.030421,-0.027875,0,0,0,0,0,0,0
12,0.94958,0.029542,-0.24012,-0.028428,0.11415,-0.062979,-0.15099,0.005352,0.043177,0.017267,-0.0062472,0.019511,0.074081,-0.053797,-0.028373,0.036886,-0.0041451,0.022246,0.0096263,-0.011246,0.0065633,-0.032415,0.032481,0,0,0,0,0,0,0
12,0.95336,0.10936,-0.18852,0.035388,0.067176,0.053856,-0.17124,-0.024472,-0.059724,0.026242,-0.048842,0.011319,0.0637,-0.037662,0.027795,0.040249,-0.01666,-0.0061592,0.034943,-0.043193,-0.016019,-0.026691,-0.020424,0,0,0,0,0,0,0
12,0.96488,0.054291,-0.1887,0.0003202,0.060409,-0.024354,-0.14586,-0.031802,-0.010554,-0.0034721,-0.051794,-0.0045298,0.045069,-0.061815,0.014984,0.0050481,-0.0048396,-1.4442e-05,0.033369,0.00060337,-0.015624,-0.037902,-0.0023854,0,0,0,0,0,0,0
12,0.95687,0.070247,-0.1995,-0.036106,0.078708,-0.050676,-0.14754,-0.03601,-0.024977,-0.0069665,-0.023329,0.014131,0.082819,-0.066435,0.012675,0.013245,-0.009946,0.019056,0.015658,-0.028565,0.01744,-0.0179,-0.021017,0,0,0,0,0,0,0
12,0.9587,0.11234,-0.18082,-0.007847,0.080662,-0.031389,-0.14565,-0.05253,-0.031388,0.0027593,-0.014182,-0.018749,0.053647,-0.029914,-0.01516,-0.098579,-0.046595,0.0013399,-0.02783,-0.020996,0.0088809,-0.029431,0.00062394,0,0,0,0,0,0,0
12,0.96369,0.084435,-0.1699,0.064774,0.055508,0.0041915,-0.12374,-0.10976,0.022537,0.086928,0.067453,0.0046767,0.057304,-0.0035234,0.022178,-0.045226,-0.062604,0.0063419,-0.014049,-0.049334,0.03854,0.0036321,0.0093395,0,0,0,0,0,0,0
12,0.95727,0.14444,-0.10453,0.058907,0.092422,-0.014684,-0.15817,-0.1089,0.011785,0.092877,0.097127,0.016653,0.065419,-0.040063,0.015046,-0.037002,-0.061563,0.043184,-0.016644,-0.018342,-0.017414,-0.057052,-0.031213,0,0,0,0,0,0,0
12,0.95042,0.13562,-0.21301,0.042854,0.087632,-0.035943,-0.13401,-0.11771,-0.043363,0.068466,0.014011,-0.026399,0.061413,-0.038089,-0.040371,-0.012706,-0.074982,0.09787,-0.086128,0.0045414,-0.020289,-0.040245,0.036339,0,0,0,0,0,0,0
12,0.94374,0.10757,-0.24601,0.016226,0.095642,-0.066177,-0.13342,-0.16853,-0.030247,0.14786,0.13744,-0.042797,0.08148,-0.035624,0.054273,0.058981,0.0062636,0.054327,-0.07864,0.026752,-0.014323,-0.04077,-0.057163,0,0,0,0,0,0,0
12,0.95147,0.12436,-0.19786,-0.045142,0.073139,-0.066791,-0.064483,-0.0059827,-0.032786,-0.16251,-0.2179,-0.011641,0.032982,-0.044648,-0.015009,-0.00012772,-0.057721,0.0021371,0.0175,0.0099391,0.00071257,-0.039656,0.053677,0,0,0,0,0,0,0
12,0.95599,0.10006,-0.1708,0.028758,0.090251,-0.025029,-0.15989,-0.011497,-0.10655,-0.095297,0.040312,-0.016754,0.09296,-0.028086,0.010297,0.098372,-0.012384,0.037233,0.040479,0.009553,0.0089336,-0.058534,-0.018232,0,0,0,0,0,0,0
12,0.96023,0.11405,-0.13794,0.064673,0.054739,0.043598,-0.1817,-0.023877,-0.042762,0.027949,-0.063777,0.0024449,0.043428,-0.014727,0.01898,-0.026234,-0.010794,-0.024937,0.029596,-0.035142,-0.015965,-0.023624,-0.019183,0,0,0,0,0,0,0
12,0.96163,0.088348,-0.15546,0.021246,0.11509,-0.01823,-0.12349,-0.011599,-0.038841,-0.0018071,-0.091692,-0.032868,0.027666,0.026528,0.050641,-0.0079293,0.042701,0.0071471,0.050481,-0.062118,-0.045025,-0.016397,0.016365,0,0,0,0,0,0,0
12,0.95718,0.09808,-0.18207,0.051554,0.059567,-0.038415,-0.16775,0.00029768,-0.11078,-0.077886,0.018082,0.022229,0.03695,-0.058826,0.019914,0.046414,0.025889,-0.017216,0.023689,-0.00033474,0.013606,-0.067096,0.030978,0,0,0,0,0,0,0
12,0.96063,0.1076,-0.12242,0.060161,0.069758,0.033473,-0.17422,-0.067974,-0.056569,-0.0066931,-0.016892,-0.019043,0.050146,-0.03038,0.031081,-0.018188,-0.0010244,-0.016276,0.026703,-0.050911,-0.035127,0.024669,-0.017104,0,0,0,0,0,0,0
12,0.96217,0.082059,-0.14299,0.03288,0.11872,-0.028953,-0.11503,-0.027295,-0.022113,-0.0048589,-0.10592,-0.0087488,0.064876,0.029388,0.050788,0.01424,0.060993,0.018151,0.044676,-0.071219,-0.029841,-0.015728,-0.0058151,0,0,0,0,0,0,0
13,0.96976,0.098638,0.062939,-0.14134,-0.0003838,-0.077313,0.0013389,0.058224,0.076544,0.04021,0.068642,0.10492,-0.097868,-0.1959,-0.093178,0.071311,0.048107,0.0092684,0.10601,-0.036662,-0.023886,0.027616,-0.0084664,0,0,0,0,0,0,0
13,0.96211,0.070931,0.10471,-0.1143,0.015043,-0.066074,-0.0033905,0.11591,0.050992,0.048583,0.08671,0.10334,-0.084652,-0.11232,-0.13317,0.063466,0.044934,-0.033404,0.062581,-0.02348,-0.012945,-0.024688,0.0019674,0,0,0,0,0,0,0
13,0.97432,0.075711,0.053785,-0.082157,0.0094456,-0.053107,0.021669,0.078564,-0.030459,0.032518,0.1315,0.11773,-0.060164,-0.11018,-0.097319,0.064309,0.026114,0.0063592,0.048875,-0.022442,-0.033497,0.0017239,-0.075635,0,0,0,0,0,0,0
13,0.94624,0.09638,0.1255,0.2464,-0.1108,0.04194,-0.0221,-0.0089243,-0.10499,-0.0541,0.022369,0.00021904,-0.017638,0.051909,-0.028254,-0.0065166,0.046549,0.081517,0.010532,2.6094e-06,0.060165,0.051221,0.047255,0,0,0,0,0,0,0
13,0.98038,-0.14951,0.005914,-0.062563,0.033309,-0.099844,0.16171,0.0082561,-0.044604,0.0025666,0.058576,-0.052766,-0.012945,0.048623,0.025679,0.016771,-0.009012,-0.024979,-0.0074612,-0.016455,-0.0049828,-0.037693,-0.019959,0,0,0,0,0,0,0
13,0.94636,-0.14014,-0.16815,-0.0075511,-0.12199,0.070293,-0.084753,-0.1231,0.016102,0.094205,0.054262,0.052776,-0.037864,0.010954,0.038374,0.045278,-0.025078,-0.018824,0.080016,-0.069753,-0.027751,-0.055283,-0.058138,0,0,0,0,0,0,0
13,0.96325,-0.0885,0.071239,0.13393,-0.15363,0.1371,-0.037601,-0.039347,-0.056765,-0.031018,0.045901,-0.026552,0.0023536,0.087895,-0.020498,0.029801,-0.03614,0.016005,0.02177,-0.047363,-0.015077,0.010859,-0.035118,0,0,0,0,0,0,0
13,0.95583,-0.086757,-0.017734,0.075958,-0.1307,0.12172,-0.10655,-0.15218,0.0035165,0.045282,0.056063,0.0075692,-0.025652,0.052962,-0.057912,0.089277,-0.06538,-0.030857,0.013102,-0.022458,-0.054169,0.0232,0.018597,0,0,0,0,0,0,0
13,0.95548,-0.088611,-0.12146,0.051857,-0.077277,0.086313,-0.14069,-0.09335,0.044511,0.13537,0.022174,0.071504,-0.051788,0.030832,0.050809,0.022072,-0.04149,-0.10271,0.066379,-0.036123,-0.012884,0.012966,-0.038827,0,0,0,0,0,0,0
13,0.95869,-0.095003,-0.048165,0.06544,-0.13064,0.11714,-0.12515,-0.067395,-0.023765,0.099197,0.044179,0.066382,-0.02124,0.076763,-0.019078,0.072996,-0.055563,-0.039521,0.030773,-0.028612,-0.034398,0.003434,-0.034791,0,0,0,0,0,0,0
13,0.95463,-0.10859,-0.05646,0.013615,-0.15431,0.13441,-0.09744,-0.12898,0.01232,0.06765,0.042095,0.010317,-0.029132,0.0089617,-0.016747,0.062526,-0.049925,-0.022282,0.023592,-0.013718,-0.084643,0.020558,-0.054671,0,0,0,0,0,0,0
13,0.95842,-0.14946,-0.073094,-0.030645,-0.11175,0.12793,-0.10663,-0.104,0.023418,0.061183,0.040932,0.027744,-0.02275,0.028729,0.0066291,0.021453,-0.037356,-0.022477,0.073166,-0.069558,-0.026812,0.0041244,-0.013022,0,0,0,0,0,0,0
13,0.93249,-0.075228,-0.10236,0.19847,-0.17542,0.092589,-0.13808,-0.12217,0.029621,0.062081,0.0894,-0.01093,-0.099474,0.061025,-0.099335,0.067149,-0.048807,-0.031496,0.022388,0.071786,-0.033668,0.023535,-0.030462,0,0,0,0,0,0,0
13,0.95234,-0.10111,-0.017018,0.13239,-0.13065,0.050229,-0.15789,-0.16059,0.066785,0.053904,0.022819,0.00017792,-0.013309,0.044585,-0.047977,0.07895,-0.033698,-0.042275,0.0092014,-0.041574,0.044053,0.011269,0.045927,0,0,0,0,0,0,0
13,0.95071,-0.072882,-0.07856,0.14325,-0.1069,0.026582,-0.13951,-0.20768,0.039188,0.06093,0.048142,0.044351,-0.0098537,0.023575,0.0032453,0.073814,-0.064146,-0.01668,0.023252,0.021496,-0.018206,0.033513,-0.026032,0,0,0,0,0,0,0
13,0.94417,-0.096986,-0.10035,0.15979,-0.091296,0.04452,-0.18588,-0.095256,0.057034,0.11084,0.089438,-0.024768,-0.015819,0.057542,-0.066774,0.11654,-0.019787,-0.028512,0.029026,0.032259,-0.04704,0.016724,-0.047717,0,0,0,0,0,0,0
13,0.9391,-0.11638,0.035827,0.206,-0.14942,0.089717,-0.13193,-0.11109,-0.00035345,0.041281,0.082191,-0.01746,0.021558,0.013098,-0.058217,0.065055,-0.017375,0.031434,0.021668,0.014661,-0.010701,0.089365,-0.048061,0,0,0,0,0,0,0
13,0.93543,-0.13317,-0.059941,0.18794,-0.19422,0.12068,-0.11884,-0.12357,0.027426,0.019101,0.10032,-0.023081,-0.105,-0.014596,-0.07703,0.034802,0.025975,0.006833,0.018268,-0.0075878,-0.016838,0.021218,-0.043629,0,0,0,0,0,0,0
13,0.93833,0.11748,0.13822,0.28787,-0.1201,0.050642,-0.0031369,-0.017696,-0.12033,-0.039147,0.074938,-0.0087269,-0.032751,0.022534,-0.039546,0.030325,0.059234,0.12014,0.00098852,0.033308,0.031842,0.036436,0.018583,0,0,0,0,0,0,0
13,0.96569,-0.016696,-0.0059649,0.19806,-0.11914,0.090511,-0.10524,-0.064619,-0.021973,-0.016642,0.033221,-0.0044868,-0.071313,0.027897,-0.048494,0.043212,-0.040373,0.0082501,-0.02612,0.066984,-0.00019594,0.039244,-0.0049705,0,0,0,0,0,0,0
13,0.9717,-0.013059,0.078789,0.16979,-0.10137,0.056605,0.0033401,0.017766,-0.087281,-0.026921,-0.050951,0.008326,-0.010977,0.10163,0.023732,-0.0052599,0.017703,0.013096,-0.057198,-0.0041567,0.014033,-0.0054577,-0.017935,0,0,0,0,0,0,0
13,0.94166,0.12773,0.14456,0.25378,-0.11226,0.068881,0.0073975,0.0046919,-0.081505,0.0068294,-0.0071079,0.045827,-0.002638,0.010151,-0.0088057,0.097221,-0.025615,0.058587,-0.11103,0.046832,-0.015651,0.011213,-0.026184,0,0,0,0,0,0,0
13,0.96628,-0.017788,-0.0015967,0.17749,-0.12845,0.092035,-0.10892,-0.066625,-0.027031,0.012435,0.023845,0.025702,-0.046297,0.035164,-0.024228,0.062629,-0.05192,0.00014887,-0.022191,0.083841,0.014004,0.005859,0.0057032,0,0,0,0,0,0,0
13,0.97206,-0.014874,0.078117,0.16645,-0.092507,0.072856,0.012723,-0.0063341,-0.085339,-0.050546,-0.018861,-0.0053785,-0.0316,0.093551,0.016686,-0.0097931,-0.0020577,0.018546,0.00015649,0.013698,-0.015649,-0.032681,-0.0023684,0,0,0,0,0,0,0
14,0.91719,0.092021,-0.1996,-0.26003,0.2137,-0.18043,-0.00072234,0.097024,0.054116,0.037658,0.080568,0.036975,0.0503,0.12442,-0.099532,0.058337,0.019727,-0.038884,-0.013542,-0.007509,0.13364,0.068955,0.055136,0,0,0,0,0,0,0
14,0.94541,0.01782,0.012109,-0.10791,0.11679,-0.18525,0.13443,0.20845,0.058679,-0.099382,0.073879,0.043507,0.097646,0.097479,0.07149,-0.068677,0.065263,0.012106,-0.023573,0.0092279,0.071607,-0.05062,0.0034822,0,0,0,0,0,0,0
14,0.93928,0.018741,-0.13892,-0.19429,0.17502,-0.23334,0.0079551,0.074364,-0.010921,-0.0095914,0.01139,0.014702,-0.0031105,-0.0093552,-0.01864,-0.034071,0.067416,0.012567,-0.077813,0.044227,0.051911,0.087547,-0.013332,0,0,0,0,0,0,0
14,0.96898,0.013491,-0.13701,0.11044,-3.6122e-05,0.0035346,-0.14424,-0.084406,-0.035029,-0.043804,-0.094243,0.0071508,-0.0074939,0.09418,0.0074665,0.01856,-0.0194,0.021919,-0.032479,0.061749,-0.002424,-0.0094769,-0.039343,0,0,0,0,0,0,0
14,0.93983,-0.088705,-0.21839,-0.13594,0.16447,-0.16612,-0.017505,-0.009138,0.041333,0.046945,0.097391,0.10118,-0.07281,-0.038763,0.010632,0.081561,-0.0064793,0.016885,-0.044023,0.00055559,0.032951,-0.060218,-0.012439,0,0,0,0,0,0,0
14,0.94683,0.099646,-0.075424,-0.10099,0.18415,-0.16337,0.066452,0.1552,-0.021694,-0.10828,-0.0078401,0.012242,0.09387,0.076527,0.060252,-0.071319,0.068251,0.0076538,0.019605,0.076585,-0.012158,0.026151,-0.11438,0,0,0,0,0,0,0
14,0.92204,0.097773,-0.2624,0.27779,-0.043607,0.01584,-0.15973,-0.096037,-0.017635,-0.048216,-0.12275,-0.10703,0.02741,0.044587,-0.037255,0.034727,0.1026,-0.039337,-0.089137,-0.051726,0.031628,0.13444,0.013363,0,0,0,0,0,0,0
14,0.92102,-0.10513,-0.17904,0.23177,-0.065802,0.063896,-0.096684,-0.043132,-0.0076408,-0.042803,0.016132,-0.090896,0.13424,0.19654,-0.019715,-0.065975,-0.025269,0.035253,-0.013421,-0.0050847,0.067259,-0.0099163,0.035724,0,0,0,0,0,0,0
14,0.92472,-0.026892,-0.14814,0.25454,-0.047606,0.038276,-0.14397,-0.10242,-0.035914,-0.095044,-0.078565,-0.06424,0.13993,0.11957,0.032424,-0.024921,-0.08723,0.067726,0.019521,0.0018643,0.036089,-0.0012181,-0.0092332,0,0,0,0,0,0,0
14,0.92781,-0.0069158,-0.18189,0.2185,0.032548,0.094806,-0.16925,-0.11938,0.0029786,-0.10522,-0.12415,-0.084445,0.092135,0.081889,0.050217,-0.015393,-0.057839,0.017511,-0.017397,0.074462,-0.0076035,0.026495,-0.050434,0,0,0,0,0,0,0
14,0.93356,-0.10637,-0.1117,0.21055,-0.035323,0.046759,-0.056455,-0.10458,-0.055185,-0.066186,-0.029057,-0.13068,0.1558,0.14814,0.044359,-0.032736,-0.029751,0.073437,-0.041433,-0.0043867,0.028136,0.012377,-0.0245,0,0,0,0,0,0,0
14,0.93184,-0.038005,-0.13575,0.25603,-0.019229,0.070374,-0.13442,-0.072179,-0.0014872,-0.070025,-0.057079,-0.0908,0.13151,0.1088,0.034156,-0.040129,-0.075216,-0.018265,0.049027,0.077862,0.078299,0.0053694,-0.0067525,0,0,0,0,0,0,0
14,0.89436,-0.28717,-0.11757,0.16303,-0.18674,-0.015035,-0.067714,-0.12364,0.090788,-0.0064039,0.0063239,-0.188,0.061448,0.1811,0.03962,-0.0029539,-0.038679,-0.0058458,-0.015855,0.071838,-0.00049094,0.05082,-0.006182,0,0,0,0,0,0,0
14,0.9011,-0.26936,-0.14159,0.13431,-0.13159,0.014209,-0.064679,-0.065109,0.033177,0.056621,0.046701,-0.14561,0.077061,0.21936,0.023163,-0.014776,-0.024506,0.040371,-0.023234,0.043727,-0.057953,0.0044056,0.0052606,0,0,0,0,0,0,0
14,0.91302,-0.23826,-0.10781,0.15054,-0.073532,0.059541,-0.062363,-0.1165,0.0096712,0.018305,0.05973,-0.10301,0.071363,0.22026,-0.0010751,-0.061431,0.0018686,0.0027306,-0.015514,0.043138,0.044855,0.026533,0.036882,0,0,0,0,0,0,0
14,0.96263,-0.051967,-0.15613,0.14082,0.0053523,-0.0074605,-0.13152,-0.1077,-0.10402,-0.057251,-0.096577,-0.074439,-0.095915,0.11183,0.011181,-0.020551,-0.050543,0.053329,-0.020492,0.056464,-0.048475,-0.061434,-0.04584,0,0,0,0,0,0,0
14,0.97562,-0.0032625,-0.092098,0.2289,0.042611,-0.030532,-0.14491,-0.11824,-0.10891,-0.13327,-0.0042824,0.029349,-0.080566,0.073603,-0.0081251,-0.071883,0.042967,0.006067,-0.070907,-0.12869,-0.007407,0.0028325,0.050276,0,0,0,0,0,0,0
14,0.9174,-0.15742,-0.25295,0.11566,-0.040492,0.053314,-0.12875,-0.1304,-0.017499,-0.029609,0.022527,-0.066851,0.033,0.18914,0.036268,-0.023929,-0.019437,-0.059293,-0.064562,0.12725,0.0013019,0.024168,-0.043866,0,0,0,0,0,0,0
14,1.0022,0.073771,-0.067795,0.023334,0.021178,0.024026,-0.048482,-0.0099116,-0.071179,0.0020739,0.015978,0.031397,0.079802,-0.044703,-0.025709,-0.00040311,-0.0097577,0.067989,0.10144,-0.0070907,0.026752,0.086075,0.03707,0,0,0,0,0,0,0
14,1.006,0.025157,-0.06922,0.031738,-0.013949,0.0080895,-0.079397,0.03967,-0.046839,0.0088168,-0.029435,0.0039103,0.037347,-0.059815,0.010383,-0.0051301,-0.046746,0.039441,-0.025818,0.0085731,-0.12628,0.045349,0.03438,0,0,0,0,0,0,0
14,1.0044,0.06233,-0.069563,0.036493,-0.02523,-0.054211,-0.056168,-0.0020173,-0.056444,0.055614,-0.05305,-0.047177,0.019649,-0.036528,-0.025611,0.020258,-0.047146,0.0032028,0.028676,-0.039848,0.037112,0.075811,0.0091351,0,0,0,0,0,0,0
14,0.99877,0.053959,-0.041865,0.013121,0.046899,0.019309,-0.090059,0.04207,-0.15415,0.047339,-0.022207,-0.034239,0.041049,-0.0106,-0.063693,0.027615,-0.025842,0.063075,0.03863,-0.012729,0.076032,0.019633,-0.047109,0,0,0,0,0,0,0
