0,0.93608,-0.0060249,-0.13089,-0.06775,-0.053202,-0.059953,0.035625,-0.14865,-0.17685,0.109,-0.0046414,0.10067,0.08713,-0.063162,-0.10571,0.050458,0.072099,0.06755,0.035063,0.079186,0.11565,-0.04853,-0.0015887,0.06403,-0.013488,-0.043663,0.1092,-0.0075482,0.06908,0
0,0.95314,0.054274,-0.26393,0.10163,-0.020251,-0.086761,-0.075825,0.056577,0.070773,0.034051,0.072391,0.048092,0.063781,-0.021477,-0.057412,-0.039528,0.11421,0.025105,-0.053632,0.012536,0.0046429,0.02367,-0.0091041,-0.032721,0.071305,-0.058702,0.052439,-0.10283,-0.0836,0
0,0.78051,-0.29261,0.2663,0.12962,0.17871,0.26423,0.070012,-0.031206,0.16169,-0.11228,-0.038057,0.17774,-0.09959,-0.06522,-0.041574,0.068377,0.10441,-0.10837,0.012799,-0.014556,0.042141,-0.069358,0.058276,0.059728,-0.11647,0.055079,0.014313,-0.03137,-0.0034686,0
0,0.97321,0.048709,-0.095501,0.018731,-0.026367,-0.087479,0.082962,-0.0090892,-0.13746,0.04294,-0.0091573,0.0093261,0.038972,-0.014312,-0.0381,0.0030094,0.0042384,0.11828,-0.055006,0.079103,0.04477,0.049423,-0.040941,-0.069137,0.018889,-0.030736,-0.018338,-0.0023473,-0.032876,0
0,0.92237,0.37418,0.11033,-0.032411,0.067206,-0.021893,-0.11119,0.019421,0.016736,0.031882,-0.072107,0.038447,-0.094089,0.0025994,-0.042365,0.037095,-0.089307,-0.062441,0.034995,-0.050369,-0.0014045,-0.07741,-0.063469,0.02323,0.025984,-0.0039493,-0.018182,0.05522,0.040332,0
0,0.92601,0.31705,0.13381,-0.071707,0.15657,-0.080702,-0.09421,-0.044838,0.036288,0.1297,-0.0075022,0.023304,-0.066748,-0.022836,-0.052293,0.042421,0.02103,0.0087014,0.061007,-0.011446,0.051389,-0.0092155,-0.0389,0.029782,-0.015911,-0.08304,0.018649,-0.02216,0.092397,0
0,0.93659,0.25794,0.076546,-0.048168,-0.041688,0.0026938,-0.11927,0.027017,0.066846,0.001993,0.035806,-0.052832,0.024688,-0.13362,0.033354,0.085787,-0.023052,-0.056144,-0.05262,-0.008919,0.11261,-0.0295,0.024226,-0.015596,0.0027634,-0.058437,0.050586,-0.0074561,-0.013936,0
0,0.96452,-0.08709,-0.04195,-0.11108,-0.076766,-0.12598,-0.006679,0.019294,-0.083212,-0.13289,0.070474,-0.0073917,-0.063913,-0.003511,-0.017817,-0.04211,0.023048,0.0053087,0.021505,-0.032285,0.0059948,0.038795,-0.04933,-0.033336,-0.037988,0.010998,0.041295,0.062434,0.042192,0
0,0.97491,-0.050146,-0.23469,0.048939,-0.035492,-0.16489,-0.015993,-0.0045183,0.0046533,0.035216,-0.049967,-0.066124,0.079046,0.0095411,-0.02431,-0.026004,0.017388,-0.082829,-0.055023,0.010023,-0.01307,-0.064034,0.035349,0.03444,-0.044586,-0.058896,0.025104,0.031823,0.05434,0
0,0.88662,-0.2374,0.36962,-0.13381,-0.12667,-0.033061,0.079984,-0.14484,0.095097,0.021793,0.079813,-0.043534,-0.064622,-0.029944,0.19939,-0.048576,0.018075,0.005547,0.069277,0.0957,0.056751,-0.01752,0.010595,-0.071041,-0.072872,0.026731,-0.038333,-0.043762,-0.0071451,0
0,0.97499,0.043192,-0.14301,-0.046051,-0.029723,-0.026109,0.01245,0.036507,0.052505,-0.056523,0.094459,0.026862,0.037019,0.052322,-0.023302,0.0036353,0.025592,-0.040304,-0.072201,0.016323,0.024704,0.030616,0.047009,-0.015323,-0.084014,0.030567,-0.025103,-0.0094095,-0.031803,0
0,0.98437,-0.029469,-0.10798,-0.10432,0.018874,-0.040478,0.004347,-0.086237,-0.0052036,0.010883,-0.022453,0.067609,-0.0039647,0.023485,0.0016336,0.0064719,0.10416,-0.064942,0.010615,-0.035152,0.037741,-0.0022384,-0.033449,0.027383,-0.01305,-0.0083205,-0.023384,0.06141,-0.018046,0
0,0.98637,-0.026879,0.0070302,-0.12506,-0.02774,-0.03827,0.0087734,0.008802,0.02779,-0.058643,0.041952,0.059832,0.031714,-0.0030878,-0.021078,-0.014923,-0.012425,0.010247,-0.0063831,0.023182,-0.025146,-0.038049,-0.023304,0.028104,0.016951,0.060942,-0.043213,0.030326,-0.025763,0
0,0.94755,0.0088614,0.13985,-0.22442,-0.045607,0.066509,-0.038424,-0.091163,-0.043224,-0.013196,-0.0017429,-0.065353,0.02222,0.0020401,-0.012229,0.017013,0.078829,-0.0079184,-0.038684,0.0719,0.044476,0.072748,-0.0086151,0.042504,-0.050268,0.065162,-0.022212,-0.01357,0.047739,0
0,0.9529,0.13256,-0.22143,-0.030957,-0.03261,-0.022208,0.074296,0.038087,-0.016647,0.071708,0.024988,0.038698,0.041881,-0.019163,0.075275,0.034911,0.090826,0.065938,-0.053051,0.024872,-0.06004,-0.050013,-0.02611,0.048813,0.050455,0.00060736,-0.0040483,0.019546,0.018994,0
0,0.98372,0.028679,-0.10116,-0.036056,-0.0019752,0.015894,0.071821,0.047394,-0.0057407,0.019108,0.086629,0.043118,0.080924,-0.0014464,0.012775,-0.0093628,0.057502,0.031528,0.0030184,-0.024807,0.034368,0.0018329,-0.01052,-0.034227,0.015931,0.10702,0.026086,0.010046,0.018515,0
0,0.91863,-0.10097,-0.0058833,-0.0079999,0.15869,0.24515,0.062361,-0.096814,-0.02901,0.0086696,0.090883,-0.032228,-0.19005,-0.052236,-0.0079141,-0.11805,0.10215,0.057103,0.12797,0.026813,0.0082802,-0.063961,-0.042537,0.036861,0.075101,0.063024,0.015004,-0.042336,0.034125,0
0,0.97212,0.14522,0.051153,0.0053088,-0.045239,-0.0073635,-0.11405,0.010311,-0.035497,-0.0051058,0.082621,0.053984,0.020322,-0.058958,-0.047577,0.011162,0.11173,0.040279,-0.12958,-0.052292,0.0054082,-0.016845,0.068915,-0.065228,-0.062567,-0.0031349,-0.017293,0.033924,0.033483,0
0,0.92487,-0.040317,0.23892,-0.31811,0.047149,-0.042016,0.055515,0.15237,-0.0035646,0.094157,-0.0023171,0.0098327,0.065624,0.013614,0.10262,-0.018164,-0.00088883,-0.021388,-0.093697,0.021116,-0.072659,0.026609,0.05069,-0.056363,0.013541,-0.013801,0.074107,0.015984,-0.0061708,0
0,0.81254,0.049675,-0.37846,0.33575,0.085487,0.26497,0.18553,0.11112,-0.0066703,-0.0025582,-0.026437,0.023367,0.048644,-0.03975,0.085857,0.056944,-0.042304,0.015214,-0.060281,-0.023636,0.069787,-0.055836,0.019157,-0.053665,0.034667,-0.024904,-0.012503,0.061465,-0.052323,0
0,0.96654,0.13426,-0.17555,0.024093,0.0095384,-0.0011617,0.061934,0.0032745,0.048906,-0.02899,0.043221,0.021228,0.041059,-0.036561,0.016973,-0.049122,0.048896,0.072478,0.053791,0.018366,-0.034167,0.021841,0.029551,-0.00053916,0.015144,-0.086767,0.049218,0.039196,-0.043406,0
0,0.9988,-0.002068,0.06063,-0.059403,-0.20743,-0.076686,-0.12096,-0.0011819,0.0087008,-0.10298,0.0037554,-0.084052,0.01011,0.0056008,0.035682,0.0034432,-0.021573,0.064397,-0.051727,-0.088628,0.059309,-0.012261,-0.052458,0.013466,-0.075346,0.0037483,-0.031361,-0.0093496,-0.00039648,0
0,0.96709,0.12649,-0.15484,0.027026,-0.015816,0.035868,0.044647,0.01112,0.020798,-0.0038123,0.023574,-0.018133,0.064711,-0.016994,0.0081879,0.022664,0.031525,0.11942,-0.026435,-0.016697,0.01991,-0.041281,-0.036036,-0.058074,0.00061101,-0.032243,-0.00065877,0.085205,0.025969,0
0,0.98335,-0.095905,-0.085141,-0.13647,-0.057122,-0.075433,-0.082185,0.09444,-0.014326,-0.12754,-0.082029,-0.015047,-0.035125,0.028213,0.0018092,-0.0087901,0.025441,-0.04925,0.027809,0.06588,0.01563,-0.012633,0.036502,0.033657,-0.032062,0.032564,-0.0058358,-0.032463,-0.0014804,0
0,0.974,-0.07502,-0.044456,-0.15688,-0.11336,-0.084071,0.11107,-0.060168,0.034318,0.023996,-0.01862,-0.030462,-0.0039677,0.023035,-0.054243,-0.011066,0.0051878,0.034619,-0.051767,0.011443,0.024079,0.031071,-0.0050667,-0.046375,-0.0489,0.018048,-0.039249,-0.026585,-0.071417,0
0,0.96013,-0.042527,-0.040368,-0.076597,-0.0040382,0.001422,0.10212,-0.037044,0.071143,-0.0018888,0.040349,0.022074,0.067284,0.024476,-0.031689,-0.017953,0.11033,0.12681,-0.034376,0.01224,-0.031659,0.0043829,-0.022684,0.025462,-0.061871,-0.08913,0.027076,-0.0081875,0.019345,0
0,0.96229,-0.071757,-0.10047,-0.034371,-0.041563,-0.0052916,0.13115,0.17944,-0.023846,0.0057455,0.033571,0.01806,0.089683,-0.0042323,0.0533,-0.023464,-0.0062238,0.034776,-0.063253,0.027073,0.026952,0.071119,-0.0099344,-0.0090785,-0.074993,-0.08598,0.008866,0.037519,-0.033068,0
0,0.91694,0.073836,0.22121,-0.12949,0.22789,0.24455,0.044192,-0.038312,0.13284,0.026038,-0.0041286,-0.083721,0.093112,-0.034493,-0.090492,0.074272,-0.0071556,0.0098462,-0.10376,0.14069,0.0089852,0.020921,0.01035,0.064933,0.0052875,0.0020016,-0.078787,-0.0088099,-0.045059,0
0,0.98456,-0.07359,0.019907,-0.063563,-0.027943,-0.0012029,0.031832,0.033465,0.087704,-0.031645,0.053792,0.052973,-0.00047988,-0.021872,-0.044269,0.045176,0.041633,0.0030627,0.00051567,-0.03346,-0.051232,0.014189,0.011762,-0.035664,0.033153,0.011884,0.0082413,-0.016499,0.00063424,0
0,0.96477,0.13971,0.11644,-0.12188,0.096279,0.098612,-0.070265,-0.016775,-0.071136,0.15439,-0.12971,0.011269,0.08055,0.056477,0.053977,-0.030468,0.0020115,0.098892,-0.041754,0.015926,-0.047471,0.0011708,-0.0089655,-0.060011,-0.059209,0.058978,0.072647,0.037106,-0.028868,0
0,0.9769,-0.02685,-0.076624,-0.14083,-0.010769,-0.0024805,0.049954,0.011161,0.068147,0.010489,0.044259,0.051247,0.023122,0.0085248,0.018173,0.02914,0.027839,0.022095,-0.014001,0.010821,0.0026708,-0.022942,0.0099285,-0.1092,-0.025193,-0.015815,0.056503,-0.039603,0.00062278,0
0,0.97811,0.012709,-0.095764,-0.088683,-0.038519,0.014049,0.032246,-0.036143,0.025587,0.027675,0.074527,0.038375,0.037539,-0.0088834,-0.040709,-0.029775,0.064746,0.027704,0.00044637,0.002013,0.010905,-0.033552,-0.028337,0.015632,-0.023687,-0.015096,0.020063,-0.02103,0.033553,0
0,0.93396,-0.068482,-0.10565,0.066407,-0.025934,0.26748,0.064021,0.065647,-0.0042598,-0.077341,-0.038684,0.021429,-0.1068,0.019592,-0.04581,0.02201,0.019911,-0.036098,0.047791,0.18771,0.08288,-0.021566,0.017816,-0.071876,0.0021873,-0.03942,0.020473,-0.051122,-0.0243,0
0,0.97981,-0.0028404,-0.017032,-0.10988,-0.022246,-0.010761,0.064927,-0.069678,-0.11536,-0.0040087,0.038,0.029858,-0.041768,-0.041941,-0.06374,-0.0079815,0.019523,0.00049405,0.015482,0.0032004,0.0023471,0.046139,0.013704,0.030014,-0.011631,-0.00081377,0.0075098,-0.042644,-0.010824,0
0,0.93271,-0.031552,-0.2829,0.067816,0.012479,-0.16734,-0.14289,-0.082818,0.054145,0.097861,0.091565,0.060395,-0.069099,0.080207,-0.034447,0.046496,0.11497,0.00060614,0.12446,0.055441,0.0051202,0.036789,-0.0136,0.014063,0.016669,-0.060014,-0.060229,0.026919,-0.030815,0
0,0.94533,0.2735,0.19986,-0.055286,-0.0048193,0.11493,-0.010232,-0.090768,-0.098158,0.060958,-0.032548,0.1308,-0.0078202,0.010272,0.0065133,-0.038376,0.031852,0.12109,-0.080547,-0.073166,0.065619,-0.00022207,-0.013828,-0.016038,0.041392,0.021688,-0.0032332,0.038299,-0.0081186,0
0,0.75112,0.46649,0.25768,0.22876,0.30995,0.2577,-0.28891,0.10006,0.14262,-0.025471,0.033307,-0.071635,-0.067534,0.084998,-0.0088622,-0.013405,0.084546,0.0077846,0.001824,0.051282,0.00042646,-0.073514,0.11032,0.06142,-0.032152,-0.02804,-0.0071435,0.0015267,-0.0054713,0
0,0.9008,0.027796,-0.471,0.13005,-0.11219,-0.18976,-0.24212,-0.039761,0.077509,0.049747,-0.014474,0.0055886,-0.02836,-0.044377,-0.016971,-0.044652,0.10151,-0.00083772,-0.069277,0.067757,-0.074477,0.14029,-0.049254,-0.017996,0.029095,-0.052698,0.031229,-0.0049247,0.0067531,0
0,0.94678,0.29706,0.12961,0.042051,-0.045246,-0.010819,-0.028335,-0.12955,0.023899,0.019352,-0.057416,-0.08792,0.043255,-0.041859,0.026575,-0.086892,0.02445,-0.0063151,-0.093134,0.061838,-0.067282,-0.026032,-0.047244,0.004314,-0.015559,0.0076388,-0.026953,-0.027053,-0.066353,0
0,0.95635,0.19023,-0.000944,0.040437,-0.034398,-0.033081,-0.077276,-0.08788,-0.0013104,0.044171,0.066217,-0.0014625,0.033364,0.051572,-0.033246,0.003927,0.044502,-0.00024652,-0.061044,-0.039527,0.051847,-0.017626,-0.0064822,-0.024515,0.046527,-0.0045568,0.037892,-0.012451,-0.10619,0
0,0.88371,-0.012721,-0.16659,0.14303,0.13538,0.27884,0.15794,0.18288,-0.03195,-0.033707,0.02125,-0.013702,0.013491,0.025404,0.052162,0.0084187,0.076291,-0.051334,-0.14442,0.072464,0.080491,-0.080975,-0.097409,0.066294,-0.022099,-0.0024636,-0.047339,0.02152,0.062018,0
0,0.9725,0.25291,0.10177,-0.016622,0.02646,0.030219,-0.030459,0.05083,-0.058296,0.010827,-0.044067,-0.020553,0.12433,0.079781,0.018284,0.014708,-0.0085542,0.0049679,-0.0051068,-0.088877,0.082911,-0.088972,0.024676,-0.0075751,-0.0021253,0.11709,-0.033313,0.043194,0.040209,0
0,0.98398,0.0072275,-0.037075,-0.05053,0.03148,-0.062714,0.057647,-0.046722,0.048683,-0.0062551,0.11524,-0.018732,-0.022471,0.025291,0.031152,-0.0091644,0.064498,-0.027475,0.011492,0.06284,-0.086489,-0.043768,0.039742,-0.037427,-0.017439,0.022832,0.055808,-0.031815,-0.0080846,0
0,0.95631,-0.0093609,-0.12086,-0.031181,-0.10692,-0.02134,0.06982,-0.21879,0.0035483,0.045674,-0.0091557,0.075881,-0.038772,0.070991,0.020984,-0.045631,0.076287,0.026265,0.0049328,0.065888,0.014815,0.023713,-0.012465,-0.030537,0.049299,0.0093084,0.0023844,0.013432,0.05778,0
0,0.96559,-0.08504,0.021146,-0.14124,-0.049292,-0.032748,0.080815,-0.12465,0.045555,0.062755,0.043897,0.0040263,0.0064465,-0.01425,0.024538,-0.034241,0.041861,-0.045743,0.0071421,0.052559,0.024992,0.001904,-0.041464,0.017014,0.0018525,0.0052186,-0.037564,-0.017955,0.02783,0
0,0.97259,-0.035494,-0.015314,-0.13467,0.0021678,-0.015699,0.0086525,-0.045772,0.05873,0.01659,0.019036,0.022372,-0.032388,0.066773,0.025302,-0.021535,0.018858,0.12247,-0.015277,0.074295,0.015178,0.041027,0.022281,0.024213,0.020489,0.033761,0.02251,0.049298,0.033612,0
0,0.96352,0.19918,0.047393,0.077831,-0.051934,-0.043583,-0.16501,-0.025548,-0.040052,-0.068449,0.057228,-0.057325,0.012286,0.046057,-0.072269,0.011048,-0.01461,0.033011,-0.026923,-0.014479,-0.019132,0.04044,0.044081,-0.055092,0.0006753,0.094645,0.060961,-0.066906,0.042162,0
0,0.96545,-0.10341,0.011544,-0.16959,-0.090544,-0.026382,0.062707,-0.056124,0.092472,0.054483,0.04107,-0.011958,-0.030012,-0.017322,0.044098,-0.022973,0.054633,-0.0021156,0.0079534,0.0048461,0.03687,0.0117,-0.026329,0.022452,0.080334,0.02317,0.061606,0.0056298,0.0038041,0
0,0.96266,-0.060983,0.095818,-0.15932,-0.056357,-0.0012553,0.014101,-0.041721,0.11129,0.0074245,0.013431,0.080212,-0.059169,0.065123,-0.010964,0.0057929,0.052218,0.033672,0.014347,-0.030613,-0.037781,0.0057483,0.050178,0.0057752,0.027736,-0.0068415,-0.02807,-0.024043,-0.027782,0
0,0.96886,-0.055083,0.030154,-0.12668,-0.077037,0.00508,0.081782,-0.1337,0.063994,0.045628,0.0046695,-0.036074,0.025885,-0.034458,-0.014627,0.024012,0.028725,0.031775,-0.056323,0.045611,-0.023219,0.0051481,-0.047695,0.040379,0.020444,0.041589,-0.026494,0.024396,-0.019904,0
0,0.9455,0.18613,0.18068,0.0061358,-0.039531,0.077698,-0.13635,-0.059119,-0.080902,0.015857,0.065577,-0.076161,0.15266,0.078131,0.0022959,0.019119,0.12057,-0.071106,-0.12953,0.018507,0.0037126,-0.010766,-0.020504,-0.025929,0.02857,-0.0033952,0.021613,-0.0040025,0.062241,0
0,0.94946,0.079132,-0.26266,0.006825,-0.014242,-0.012238,-0.0044404,0.11293,0.046229,0.038858,0.043584,0.12228,0.080162,-0.023164,-0.043572,0.014633,0.040802,0.016205,-0.021884,-0.03561,0.03538,-0.03195,0.0097641,-0.0007713,-0.010216,-0.046929,0.032409,-0.023305,0.035663,0
0,0.90595,0.13617,0.045872,0.090396,0.038927,0.40552,0.14812,0.19707,-0.025033,0.12017,-0.11492,0.018946,-0.017055,-0.011524,0.012169,-0.025273,0.052808,0.059191,-0.068916,0.07247,-0.053274,0.095676,-0.0075311,0.0099643,0.016963,0.048378,0.018496,-0.023152,-0.0031132,0
0,0.89479,0.1602,-0.40233,0.13081,-0.083023,-0.10336,-0.071332,0.040758,-0.080871,-0.081223,-0.012644,0.033978,-0.0032012,0.021357,0.093825,0.076801,0.059699,0.055656,-0.13353,-0.044171,-0.026814,0.022839,0.080434,0.033258,0.014041,-0.059751,-0.026175,-0.0040792,0.025548,0
0,0.96481,0.24396,0.14968,-0.011939,-0.023733,0.058049,0.014881,-0.012941,0.0079203,-0.058086,-0.031672,-0.031336,0.009629,-0.0128,0.062186,-0.016597,0.025025,0.03723,-0.13723,-0.0017933,0.020609,0.070309,0.052849,0.027932,0.0015169,0.029141,-0.055505,-0.052865,-0.060238,0
0,0.93204,0.10407,0.27548,-0.044258,0.025646,0.00050054,-0.10527,-0.11124,-0.11261,-0.031244,0.092173,-0.0074025,0.067169,-0.011608,-0.015763,0.074306,0.066423,0.032612,-0.18036,0.081107,0.012058,-0.0098129,-0.0038574,-0.023321,0.021733,0.032257,0.057961,0.025558,-0.029112,0
0,0.93394,0.29935,0.14745,0.094168,-0.050456,0.0065305,-0.10585,0.014097,0.028844,0.02945,-0.036192,-0.074435,-0.060267,-0.041433,-0.011167,0.079197,0.033496,-0.048561,-0.039984,-0.01283,-0.0049804,0.015998,0.024887,0.027535,0.032725,0.023897,0.053232,0.0070722,0.030856,0
0,0.98266,-0.016543,0.03779,-0.087733,0.051155,0.018974,0.027319,0.029929,0.031432,-0.034507,0.085707,-0.031407,0.052073,-0.023461,0.0066935,0.0044879,0.022304,0.031368,-0.0015225,0.041113,-0.083798,0.06834,0.016725,0.00068658,-0.10019,-0.030701,0.033957,0.048784,-0.0011033,0
0,0.96548,0.013834,-0.091967,-0.076886,-0.078568,-0.11001,0.092698,-0.014196,-0.15003,-0.040264,-0.0017754,-0.015593,0.080584,0.0094376,-0.083592,-0.022047,0.017084,0.074632,-0.04709,0.10686,0.042354,-0.0099662,-0.045462,0.017233,0.073386,-0.0018153,0.031281,-0.073294,0.028672,0
0,0.9063,0.29605,0.211,-0.059432,0.042948,0.00014405,-0.12556,-0.051073,-0.037766,-0.0018981,-0.015933,-0.072621,-0.059594,-0.079246,0.018402,0.10952,-0.069567,-0.05994,-0.11431,0.035657,0.054443,0.03025,-0.039265,0.050737,-0.014913,-0.012571,-0.0034872,0.08562,0.0014159,0
0,0.96642,0.23011,0.09265,0.039519,-0.050226,0.02041,-0.070614,-0.087669,0.0067535,-0.01045,-0.052319,0.017983,0.054742,0.072463,-0.010847,-0.060992,0.055315,-0.019433,-0.070255,0.0097978,-0.051312,-0.022125,0.0027073,0.0047196,-0.029263,-0.013254,-0.021306,0.025169,-0.061203,0
0,0.93801,0.25247,0.057302,0.049296,0.006572,-0.090443,-0.1238,-0.058166,0.029118,0.041645,-0.011122,-0.0003288,-0.037305,-0.064027,-0.04546,0.046192,-0.0048104,-0.027081,-0.0085905,-0.076651,0.065395,-0.027546,-0.0036402,-0.011416,-0.0058735,0.10581,0.063615,0.043294,0.0161,0
0,0.96803,0.12522,0.20671,-0.036221,-0.068816,-0.040514,-0.094962,0.054278,-0.080325,0.018788,-0.010013,-0.0082727,0.053912,0.050354,-0.083193,0.064936,0.0071079,0.020872,0.018332,0.040061,-0.0025495,-0.015151,0.017909,0.1352,-0.0024847,-0.013202,-0.019128,0.042162,-0.026548,0
0,0.96911,-0.057611,-0.0099016,-0.16499,-0.11266,-0.074032,-0.026019,0.011808,-0.047297,-0.099649,0.057032,0.007458,-0.082574,-0.052316,-0.059503,0.0043901,0.064605,0.03106,0.070827,0.094128,-0.0027265,-0.061106,0.072994,-0.022882,0.049637,0.028212,-0.013163,0.026444,-0.041299,0
0,0.90787,-0.040349,-0.2242,0.24665,-0.0072844,0.26174,0.073092,0.040856,0.011505,-0.00020475,0.042908,-0.017129,-0.013647,-0.065755,-0.08176,-0.013974,0.072663,0.12935,0.037252,0.054172,0.00452,0.002357,-0.097336,-0.025618,-0.066521,0.022265,-4.7419e-05,-0.013233,0.072483,0
0,0.97393,0.044414,-0.15512,-0.02845,-0.075815,-0.063245,0.020997,0.047575,-0.021778,-0.080379,0.026444,0.072727,0.024021,0.019697,0.00048132,0.0020708,0.054653,0.0073834,0.047765,0.0024307,-0.045026,0.026446,-0.02566,0.0087542,-0.023513,0.044654,-0.075543,0.0020311,0.0064579,0
0,0.96895,0.033968,-0.03904,-0.087953,0.013751,0.083349,0.12542,0.058116,0.0036148,0.016698,0.094591,0.017801,0.099219,-0.01715,-0.023229,0.028633,0.054025,0.026683,-0.058125,0.0096904,-0.055359,-0.014825,0.054276,-0.041793,0.013601,-0.060035,0.015863,0.021772,0.076141,0
0,0.96543,-0.047411,-0.0090245,-0.16599,-0.033189,0.051405,0.027351,-0.055048,0.072137,-0.0099624,0.11134,0.086952,-0.049472,0.0076632,-0.018867,-0.047981,0.039681,0.012362,0.017587,-0.014142,0.0058419,-0.063304,-0.053529,-0.0075921,0.0080452,-0.026951,-0.028253,-0.015007,-0.050408,0
0,0.98266,-0.001729,-0.072722,-0.083869,-0.082968,0.020002,0.095818,-0.023399,0.049999,0.019845,0.035021,-0.032245,0.056039,-0.003564,0.03837,-0.023895,0.027679,0.043004,0.022275,-0.042466,0.00047835,0.0064393,-0.0060745,0.056603,0.00073729,0.022555,0.029015,-0.043051,0.0078771,0
0,0.97796,0.023034,-0.09106,-0.072775,-0.063888,-0.023968,0.052267,-0.086793,-0.11403,0.038307,-0.054574,0.031686,-0.010704,0.0084002,-0.068639,-0.047292,0.059556,0.042163,0.051563,0.04452,-0.0084561,-0.067081,0.015451,0.017375,-0.024099,1.1796e-05,0.012591,0.014641,0.022946,0
0,0.97645,-0.063145,-0.025829,-0.093826,-0.10401,-0.048934,0.009363,-0.013643,0.061788,-0.028179,0.04678,0.067386,-0.02877,0.073315,0.030853,-0.036513,0.074465,0.043535,0.014111,0.092337,-0.0011186,-0.015048,0.029581,0.034335,0.0084998,0.049262,0.012497,-0.012246,-0.004871,0
0,0.94863,0.12767,-0.26882,0.06851,-0.057976,-0.070482,-0.041071,-0.039919,-0.02052,-0.0061982,0.047432,0.13635,0.019093,0.026229,0.054028,-0.14897,-0.014801,0.045685,-0.006442,0.038163,0.05848,0.053583,-0.013484,0.034639,0.01377,0.065683,0.0015717,0.025062,0.029451,0
0,0.9815,-0.00062638,-0.14973,-0.066686,-0.038253,-0.021596,0.0015011,-0.012879,0.0040329,0.05933,0.018897,0.044298,0.057709,0.033522,-0.021703,-0.028202,0.040844,0.03492,-0.022133,0.030852,-0.03339,-0.0038481,0.0094318,0.0025131,-0.01027,-0.0099402,-0.075373,-0.054852,0.024653,0
0,0.98612,-0.019692,-0.079313,-0.059088,-0.031739,-0.0060766,0.047227,0.019062,0.052654,-0.02352,0.098916,-0.0031846,0.028729,-0.012642,0.0063547,-0.036701,0.010425,-0.0016174,-0.023387,-0.0073406,0.0061671,0.033793,0.030961,-0.045456,-0.02821,0.0057311,-0.011023,-0.0027762,0.0076235,0
0,0.93942,0.15579,-0.31107,0.047156,-0.041039,-0.039884,0.0063633,0.094726,0.060293,0.013671,0.071779,0.089859,0.038434,0.048539,0.11859,-0.015803,-0.022791,0.057836,-0.010787,0.020564,0.035775,0.019126,-0.028644,-0.014415,0.022951,0.036289,-0.0051769,0.036645,0.021939,0
0,0.98233,0.072224,-0.16792,-0.071004,0.034964,-0.016494,0.031981,0.054522,0.017291,0.013227,0.059372,-0.020322,0.034232,-0.037102,-0.038366,0.011988,-0.013113,0.015885,-0.060439,0.045909,0.018616,-0.0020796,0.026728,0.0077969,-0.04171,0.021862,0.040154,-0.01679,0.0017277,0
0,0.94422,-0.12238,0.20962,-0.25029,-0.063601,-0.011232,0.054812,-0.062542,0.088016,0.099774,-0.024124,0.030345,-0.010933,0.0078157,-0.0093349,0.042402,0.08516,0.045423,-0.0094589,-0.011814,-0.090059,-0.068888,-0.014315,-0.020716,0.027402,0.017054,0.012489,-0.0092994,-0.0085296,0
0,0.97465,-0.056701,0.042591,-0.083677,-0.041466,0.027845,0.029623,-0.042991,0.11078,-0.030656,0.063573,0.056054,-0.011002,0.024015,0.050425,0.053307,0.060554,-0.022101,0.020621,0.007765,-0.013613,0.047085,0.074992,-0.041484,0.0039515,-0.024318,-0.02907,-0.015027,0.041169,0
0,0.94756,-0.12989,0.093327,-0.24622,-0.13855,-0.038496,0.060633,0.032513,0.056134,0.052949,0.037473,-0.0083044,-0.03402,-0.025515,0.03163,-0.079348,0.091646,-0.013539,-0.055259,-0.033808,0.038682,0.024197,0.029611,0.060851,0.025247,-0.10491,-0.0070524,-0.006507,-0.0097273,0
0,0.96696,-0.041986,-0.015602,-0.14484,-0.19746,-0.084472,0.1267,-0.068041,-0.077896,0.021842,0.00066627,0.041687,-0.04445,0.03581,-0.0061486,-0.057999,0.034865,-0.086139,-0.08446,0.052179,-0.0025287,0.038575,-0.045184,-0.032241,0.0072101,0.011893,0.02309,-0.032411,0.016074,0
0,0.826,0.11532,-0.22746,0.25532,0.18476,0.023211,0.13134,-0.082083,0.11163,-0.034455,-0.077164,-0.12404,-0.15248,0.080263,-0.046944,0.03887,0.15487,0.15403,-0.097548,0.11236,0.07457,-0.097965,0.00093575,0.0093469,0.017763,0.051813,-0.068145,0.033503,0.069929,0
0,0.95871,0.17089,0.12926,0.010014,-0.014777,0.0047263,-0.065631,-0.12552,-0.0011373,0.016354,0.021269,-0.030559,0.078276,0.034014,-0.031945,-0.01619,0.052017,-0.03798,-0.097735,-0.0073268,0.079889,-0.0251,0.0017207,-0.033666,0.0045938,0.072651,0.016063,0.0019478,0.023838,0
0,0.9346,-0.13719,0.14966,-0.23867,-0.074048,-0.0014074,0.028377,0.01068,0.079599,-0.11923,-0.0043153,-0.030472,-0.056656,-0.0038299,0.048033,0.14434,0.044577,0.0038533,0.0078776,-0.0031204,0.013211,0.10868,-0.14533,0.018231,0.067294,-0.055193,0.063509,0.04921,0.025535,0
0,0.96432,-0.091991,-0.12695,-0.096367,-0.11507,-0.088646,0.011162,-0.17923,-0.054611,0.026053,-0.0266,0.047276,-0.059706,-0.027078,-0.039901,-0.06406,0.035268,0.011247,-0.059928,0.028388,-0.028617,0.020059,-0.022502,-0.04104,0.065774,0.021692,0.025825,0.038442,0.048653,0
0,0.97234,-0.07038,0.012974,-0.13136,-0.082201,-0.0047736,-0.02965,-0.11761,0.066467,-0.039818,0.009854,0.041909,-0.081104,0.0011874,-0.021576,-0.044982,0.03377,0.00022448,-0.061292,0.00087071,-0.075054,0.029756,-0.020974,-0.025338,0.004836,-0.0012384,-0.029679,0.020612,0.033408,0
0,0.94262,0.11074,-0.28989,0.050808,-0.034434,-0.028165,-0.0085595,0.079967,0.027453,0.061794,0.07221,0.066489,0.05886,0.045407,0.087762,0.033135,-0.00057076,0.098028,-0.061139,0.020299,0.0075754,-0.0061942,0.040443,-0.012393,0.0014344,0.063809,-0.022352,0.0474,0.020551,0
0,0.96814,0.082171,-0.20917,-0.041581,-0.04363,-0.016732,0.0076155,0.0034517,-0.034057,-0.061374,0.034372,0.072659,0.023674,0.04449,-0.0027197,-0.06732,0.024967,-0.024082,0.060927,-0.01601,-0.048225,-0.0008676,-0.029077,-0.022538,0.039679,0.0017873,0.01629,0.11119,0.0089313,0
0,0.95893,0.12585,-0.27686,-0.034185,0.034225,-0.074996,-0.0081179,-0.031003,-0.043635,0.026485,0.013017,-0.0076574,0.026761,0.014483,0.08926,-0.051689,0.0060177,0.056807,-0.040281,-0.040901,-0.022648,0.033521,-0.0078236,-0.028327,0.022222,-0.0037976,0.025084,0.047693,-0.037934,0
0,0.97956,-0.078506,-0.10646,-0.13289,-0.022042,-0.047272,0.01832,-0.10509,-0.051564,0.020716,0.0045921,0.067931,-0.028548,0.014434,0.017759,0.022027,0.014081,-0.027268,0.0148,-0.027976,-0.019027,-0.0083329,-0.058475,-0.019929,0.0069384,0.065302,-0.023099,0.016403,-0.03517,0
0,0.98534,0.024669,0.017551,-0.11503,-0.032321,-0.012405,0.099522,-0.030884,-0.10243,0.017305,-0.066488,-0.023277,0.021915,-0.038625,-0.040909,-0.022572,-0.0090155,0.062192,-0.041912,0.067707,-0.0003306,-0.0099133,0.029265,-0.0072568,-0.0093154,0.022357,-0.067988,-0.049952,0.043012,0
0,0.91984,0.12783,-0.26795,-0.086134,-0.067011,-0.089143,0.04694,0.12749,-0.19577,0.028771,-0.050597,-0.10172,-0.040777,-0.023147,-0.10678,-0.080614,0.16106,0.020003,-0.09414,0.024798,0.044243,0.011759,0.012741,-0.070931,-0.047555,-0.056055,0.02075,0.033416,-0.097559,0
0,0.97327,0.016041,-0.15007,0.054609,-0.037303,-0.006286,-0.0153,-0.057551,0.095317,0.034461,0.056472,0.055741,0.020135,-0.010816,-0.046644,0.019536,0.047465,0.088036,-0.036949,0.054179,-0.052406,-0.0004397,-0.077145,0.011823,0.001601,-0.015691,-0.084213,-0.027299,0.027186,0
0,0.98298,-0.027704,0.013834,-0.053369,-0.053468,0.010412,0.066355,0.080344,-0.10682,0.041804,0.082,-0.022044,0.066432,-0.029267,-0.024224,0.019525,-0.013854,-0.042159,-0.091927,0.035632,-0.050833,0.00058379,-0.033802,0.084842,0.025007,0.037033,0.000943,0.018913,-0.042739,0
0,0.9627,-0.12977,0.11266,-0.20893,-0.069059,-0.038217,-0.032686,0.023881,-0.038121,-0.05248,-0.088623,0.060176,-0.020839,-0.034543,-0.025829,0.0014999,0.028432,-0.035484,-0.036121,0.07837,0.029802,0.041529,0.0066257,0.017837,-0.063106,0.039917,-0.087015,-0.0042802,0.082041,0
0,0.97115,0.03978,-0.095301,-0.13932,-0.093986,-0.024153,0.073983,0.11269,-0.0044674,-0.0096833,0.02591,-0.0059613,0.042678,-0.065609,0.082896,0.016682,0.060247,-0.032307,-0.03266,-0.020779,0.042414,-0.018775,-0.065435,-0.028725,0.035648,-0.032804,-0.0068818,-0.011631,0.016488,0
0,0.97327,-0.1019,-0.025684,-0.11289,-0.042919,-0.027903,0.056799,-0.079129,0.037255,0.0097711,0.016288,-0.0052497,-0.028925,-0.012412,0.01325,-0.060947,0.066759,0.038368,-0.020933,0.011,0.0075067,-0.038222,0.030821,0.03926,0.0071216,0.013553,-0.0084974,-0.025424,-0.012714,0
0,0.95741,-0.0021677,0.047116,-0.16898,-0.065056,0.032734,0.058184,0.029644,-0.058527,0.07991,-0.093291,-0.075838,0.10922,0.0081285,-0.014371,-0.0071059,-0.0017612,0.012793,-0.06554,0.041936,0.095251,0.046301,-0.0035665,0.043071,0.019621,-0.060671,0.079543,-0.032965,0.039631,0
0,0.89727,-0.021022,-0.11299,0.12952,0.087248,0.29609,0.16288,0.049381,0.083232,0.075116,0.061114,-0.0012335,-0.096598,0.022291,-0.030092,0.043924,0.11674,-0.014966,-0.0077724,0.11777,0.027197,-0.13788,-0.028346,-0.002605,-0.039809,-0.034192,-0.062331,0.091961,-0.084304,0
0,0.94866,-0.011414,-0.31285,-0.050554,-0.1474,-0.17447,-0.023512,0.02595,-0.12881,-0.077234,0.055034,-0.051251,0.010721,0.025091,-0.043974,0.1098,0.038932,0.062065,0.036917,-0.015814,0.14497,-0.045897,0.075752,0.00074313,0.046296,-0.039135,-0.096577,-0.044434,0.064546,0
0,0.97059,0.047684,-0.11881,-0.014478,-0.034781,-0.06834,0.0016853,0.060256,-0.13561,0.052724,0.020511,-0.047954,0.081872,-0.028059,-0.066072,-0.052559,0.016074,0.026138,-0.08112,0.017979,0.049393,-0.017674,-0.0036536,-0.027486,0.0038203,-0.034936,-0.011564,0.086614,0.078394,0
0,0.97522,-0.051808,-0.0010763,-0.13629,-0.090435,0.0093412,-0.019347,-0.1035,0.030878,0.030968,0.042824,0.058944,-0.0093984,0.043057,-0.0039946,0.021724,0.030027,-0.022895,0.038966,0.023439,0.048695,0.014499,0.043048,0.0076868,0.014315,0.050439,-0.0019868,0.061549,0.0089297,0
0,0.93948,0.083641,-0.30956,0.047422,-0.034228,-0.075882,0.0018965,0.061538,0.11481,-0.093386,0.041845,0.080622,0.068713,0.021208,-0.014298,-0.036004,0.079755,0.01344,-0.073174,0.024196,-0.016907,0.10762,-0.044558,0.03946,-0.0030341,0.024322,0.017636,0.00024314,-0.012173,0
0,0.97288,0.00014447,-0.02045,-0.11708,0.0074677,-0.013676,0.066042,-0.0058598,0.12794,-0.06738,0.058545,0.063149,-0.027935,0.0042515,0.0018753,-0.031015,0.001189,0.0030544,0.011608,0.011947,0.014383,0.07188,0.045257,-0.0027354,0.010492,-0.059189,-0.019752,0.0066894,0.023299,0
0,0.97232,0.032945,-0.15804,0.014346,0.012634,-0.00086975,0.059675,-0.021026,0.022072,-0.011657,0.079879,0.038891,0.070149,0.039612,0.0057517,0.022916,0.076857,-0.023312,-0.046153,-0.015144,0.02418,-0.010895,-0.035695,0.070239,0.0050859,-0.012263,0.040709,-0.0097006,-0.021924,0
0,0.98625,-0.016015,-0.019135,-0.14284,-0.05665,-0.041382,-0.0026918,0.068985,-0.05511,-0.057522,-0.026398,-0.048541,0.013869,-0.013781,-0.02587,0.041205,0.023519,0.017035,0.011492,0.018879,0.046778,0.092261,-0.089062,-0.037189,0.026927,-0.013455,-0.054028,0.024279,-0.0072086,0
0,0.97452,0.024751,-0.16425,0.014244,-0.044516,-0.065098,0.066245,0.006764,0.052038,-0.14379,-0.011486,0.0062455,0.073946,0.02231,0.0062263,0.042234,0.059493,-0.12147,-0.045421,0.017906,-0.07836,-0.0066667,0.033339,-0.040036,0.077133,0.05067,0.029611,0.015638,0.067128,0
0,0.9768,-0.034209,0.030733,-0.11565,0.010734,0.012788,0.044912,-0.034041,0.10108,-0.028539,0.089393,0.035678,-0.037136,-0.026091,-0.016156,0.0092957,0.034773,-0.019623,-0.017746,-0.017447,-0.047283,-0.010201,0.051434,-0.0020691,-0.0014991,0.018747,-0.023675,-0.0022228,0.0061972,0
0,0.96251,0.11362,-0.20947,0.014991,-0.026641,-0.021195,0.025408,-0.02114,0.016148,-0.034781,-0.01692,0.065924,0.0911,0.020728,0.032804,-0.022185,0.016635,0.057441,0.0074465,0.05689,-0.0017671,-0.046879,-0.01377,0.013757,-0.010171,-0.05004,0.036776,0.029911,-0.01921,0
0,0.97261,-0.011586,-0.15227,-0.051023,-0.10965,-0.065642,-0.0026102,-0.021198,0.060725,-0.18257,-0.016624,0.023778,-0.02493,0.083016,0.0097911,-0.0072382,-0.020967,-0.0046257,0.040722,0.1025,0.0075832,0.028451,0.017188,-0.039937,-0.017561,0.012814,0.054391,0.075595,-0.039586,0
0,0.98041,-0.019685,-0.0023923,-0.10038,-0.031698,-0.0024233,0.074186,-0.037412,0.057343,-0.0057117,0.076525,0.054948,0.023312,0.03352,-0.0092337,-0.01481,0.021601,0.015059,-0.024388,0.021257,-0.028018,-0.018143,0.015029,-0.0072627,0.048454,-0.023988,0.0052607,-0.0014147,0.051665,0
0,0.97936,0.017711,-0.11435,-0.0073736,-0.099539,0.047651,0.065292,0.056553,0.045667,0.037015,0.0013607,-0.022328,0.12179,-0.040264,-0.0022252,0.0051346,-0.0066501,0.0026367,0.0090615,0.016316,-0.052852,-0.039388,-0.0090478,-0.0026265,-0.041281,-0.049023,-0.022206,0.0065918,0.0091342,0
0,0.83413,0.34265,0.17086,0.18402,0.185,0.22403,-0.0067228,-0.16333,0.13806,0.098671,0.18243,-0.0024235,0.059708,-0.073893,-0.089299,0.026656,0.035828,-0.020069,-0.057333,-0.065456,-0.020304,-0.026909,0.074123,-0.013609,0.035768,0.037993,-0.014413,-0.063781,-0.019215,0
0,0.94447,-0.10755,0.1684,-0.11171,0.0042826,-0.003755,0.024694,-0.12095,0.10405,-0.0066303,0.094645,0.082803,0.010848,-0.099488,0.029389,-0.0039292,0.14172,0.0081883,-0.057406,0.0054726,-0.0016979,-0.026081,0.014364,-0.036182,0.019338,-0.051311,-0.036717,0.043821,-0.060606,0
0,0.9323,0.26031,0.060636,0.042381,0.03118,-0.15631,-0.11959,0.028219,0.035337,-0.062826,0.038781,0.0059244,-0.1418,-0.065967,-0.013223,-0.047309,-0.10649,0.022854,-0.01136,-0.013558,0.067105,0.086051,0.0090243,0.031436,-0.064753,-0.026346,-0.0068319,0.0076303,-0.0029835,0
0,0.95292,0.10233,-0.22507,-0.017013,0.032345,0.023396,0.011713,0.084766,0.045668,-0.023639,0.020239,0.016015,0.092632,0.0015747,0.033152,0.077267,0.056775,0.021898,-0.008285,-0.016312,-0.012878,0.027869,0.046211,0.039922,-0.0694,-0.02929,0.074668,0.011933,0.0082073,0
0,0.99073,-0.069171,-0.035521,-0.052473,-0.07127,-0.057211,0.018759,-0.0062536,0.051625,0.0091229,0.039829,0.0283,-0.063721,0.0070881,-0.0024334,-0.016679,0.022195,-0.0070945,-0.05058,-0.038743,-0.00020111,-0.01762,-0.021406,-0.049716,-0.035112,0.080624,0.026986,-0.00082819,0.010546,0
0,0.97615,-0.085727,-0.068835,-0.13151,-0.067822,-0.13023,0.052254,0.03927,0.010856,-0.021035,-0.0096155,-0.011694,-0.034462,0.0026776,-0.046736,0.05856,0.037449,0.0016251,-0.055508,-0.019775,-0.016845,0.12924,-0.018479,-0.041168,0.0089345,-0.0068189,-0.030245,0.027801,-0.012561,0
0,0.95215,0.039123,0.074308,-0.20151,-0.010741,0.05941,0.14773,0.082209,-0.1672,-0.019025,0.003108,-0.092586,0.14029,0.056456,-0.035214,0.030658,0.0052193,0.044536,-0.014599,0.036218,0.01309,-0.00023272,0.021311,0.06441,0.057105,-0.0048805,0.049739,0.0095034,-0.020045,0
0,0.9058,0.015966,0.085501,-0.011414,0.1105,0.31884,0.14689,0.25303,0.043879,-0.031223,-0.036191,-0.054325,-0.065615,-0.052778,-0.10393,-0.036988,0.08597,-0.089455,0.0083551,0.11741,-0.037324,0.11745,-0.047166,0.0061611,0.025007,0.014258,0.067384,-0.018889,-0.037721,0
0,0.96909,0.065452,-0.20348,-0.012671,0.03266,-0.025488,0.039003,0.030893,0.020887,0.027782,0.02309,0.038796,0.043597,-0.025732,0.03401,-0.031958,-0.021744,0.10011,-0.060595,-0.0017472,0.047612,0.014595,0.026539,0.031988,0.040039,0.030576,0.030198,0.016038,-0.019816,0
0,0.79631,0.27259,-0.50319,0.16123,-0.089744,-0.080019,-0.0013854,-0.089302,0.027982,0.016895,-0.078987,0.012995,0.16675,0.026636,-0.013918,-0.11543,0.09425,0.071679,-0.10288,-0.0205,-0.03557,-0.13627,0.064329,0.03221,-0.080848,0.11131,-0.01103,0.015907,-0.021529,0
0,0.97286,0.029276,-0.14757,-0.013028,-0.081525,0.013124,-0.0038049,0.081516,0.057533,-0.044959,0.068027,0.072975,0.037617,0.0056019,-0.053287,0.010619,0.023332,0.0026272,0.01662,-0.0088378,-0.047522,0.021653,-0.040533,0.040612,-0.092854,0.0025514,-0.020019,-0.058209,0.047025,0
0,0.96254,0.059291,-0.17597,0.04448,-0.03365,-0.022809,0.051605,0.02074,0.0016173,0.014689,0.072977,0.035514,0.081984,-0.017601,0.011142,0.024042,0.036706,0.1173,-0.07349,0.020852,-0.015549,-0.059722,0.0032711,-0.035175,-0.015833,-0.033911,0.024655,0.040488,0.014399,0
0,0.97426,-0.044511,0.042807,-0.15425,-0.095385,-0.023516,0.0079512,0.071105,-0.05339,0.034977,0.10263,-0.022266,-0.062366,0.029602,-0.03435,-0.011779,-0.018992,-0.036999,0.0041062,0.067719,0.021393,-0.012382,-0.012486,-0.020331,-0.00035121,-0.036674,0.021819,-0.053448,-0.01599,0
0,0.87946,-0.14096,0.11463,0.038228,0.13705,0.39862,0.14705,-0.052438,0.10874,-0.014083,0.11241,0.03112,-0.11739,-0.0091102,0.052731,0.07789,-0.030818,-0.064143,-0.092594,0.037747,-0.012791,-0.0084075,-0.046263,-0.012147,-0.02887,-0.049389,0.0095895,-0.063274,0.018128,0
0,0.89164,-0.10832,-0.11791,0.083635,0.12962,0.23476,0.21524,0.010995,0.10026,0.014274,-0.02335,-0.056234,-0.18476,0.024412,-0.13158,-0.0083602,0.087337,0.0068838,-0.020346,-0.014337,0.02147,0.0045308,0.019189,-0.088576,0.060313,0.035788,-0.0013867,-0.070836,0.01953,0
0,0.9913,0.041397,-0.11195,0.01589,0.08387,0.014508,0.056588,0.07425,-0.053725,0.11566,0.094166,0.035167,0.052487,0.018148,0.033275,0.00589,0.046698,-0.012403,0.072407,0.061435,-0.0024606,0.043243,-0.022986,0.069417,-0.018026,-0.04063,0.011281,0.012937,0.0028438,0
0,0.95713,-0.084358,0.11895,-0.21143,-0.06447,-0.021753,-0.042506,-0.019805,-0.044862,-0.027717,0.0514,0.0075818,-0.085537,-0.057794,-0.005683,-0.054298,0.016216,-0.016938,0.057175,0.064586,-0.0033434,0.04537,0.052755,0.045009,0.057763,0.027286,-0.069736,0.02599,0.0048348,0
0,0.95123,-0.065754,0.15881,-0.16982,0.0032599,0.015357,0.062702,-0.069666,0.10275,-0.060234,0.086488,0.058895,-0.047896,-0.048181,0.019726,-0.010292,0.063629,-0.018745,-0.02207,0.0070987,-0.019031,-0.0011577,0.071821,-0.0028885,0.035888,-0.02076,0.04614,0.020591,-0.023808,0
0,0.97944,-0.016743,-0.11623,-0.049398,-0.056981,-0.0035685,0.031512,-0.12573,0.0936,0.03609,0.035056,0.018006,0.00056428,-0.0056439,-0.029434,-0.033451,-0.012453,0.050143,0.0054403,0.035452,0.071918,0.068392,0.025684,-0.00051271,0.0080248,0.035406,0.072282,-0.027299,-0.084278,0
0,0.98021,0.0056712,-0.071712,-0.11731,-0.011709,0.016577,0.060724,0.067711,0.044126,-0.028627,0.069971,0.025479,0.046391,0.015685,-0.018264,-0.014854,0.013319,-0.022458,-0.021521,-0.030671,-0.056859,0.044538,-0.01532,0.020391,0.023098,-0.043609,-0.050425,-0.01898,-0.017192,0
0,0.96586,0.21845,-0.070511,0.012389,-0.046909,-0.021982,0.0019819,0.056395,-0.1227,-0.03469,-0.037825,-0.06466,0.044394,0.01289,0.019168,-0.007329,0.019885,0.07082,0.011512,0.10442,-0.043566,0.065724,0.06006,-0.0079812,-0.030435,0.013826,-0.02299,0.033306,-0.026415,0
0,0.94649,0.11944,-0.23503,0.029958,-0.091895,-0.029462,0.021989,0.07604,-0.09989,0.038468,-0.0082669,-0.032529,0.049849,-0.010056,-0.0057964,0.016072,0.034996,-0.026103,-0.070824,0.063605,-0.024327,0.093589,0.02864,0.022872,-0.047305,-0.00022525,-0.002004,0.054921,-0.066431,0
1,0.95957,0.14771,0.16145,0.0008767,0.023881,-0.081053,-0.058206,0.049621,0.044411,-0.11005,0.03401,-0.02816,0.018363,0.023267,-0.0056733,0.030639,0.035136,0.044671,-0.048143,0.018939,0.031217,0.012169,-0.11027,-0.020307,-0.0012658,-0.046853,-0.029124,-0.047642,-0.018255,0
1,0.4635,0.39561,0.77693,-0.1767,0.46315,0.39232,0.011478,0.17593,-0.079347,0.31857,-0.026845,0.080215,0.0052622,-0.01348,0.029538,0.017605,-0.064561,0.023618,0.18693,-0.031297,0.01801,0.005779,-0.035119,0.0074938,0.0049658,0.00062881,0.025938,0.0041725,0.0031151,0
1,0.94935,0.23326,-0.078545,0.076143,0.02603,-0.10424,-0.15376,-0.058713,0.012993,0.068946,0.020657,0.01272,-0.051013,0.064993,-0.026634,0.026406,0.058042,0.028096,0.034455,-0.10461,0.016784,0.016381,-0.039389,0.062456,-0.013361,0.029238,-0.048562,0.0060733,0.011416,0
1,0.95018,0.1978,0.19749,-0.048923,-0.055802,-0.022535,-0.081391,0.077821,-0.00079946,-0.060446,0.059166,-0.007182,0.02956,0.083413,-0.032817,0.036162,0.016265,-0.023627,-0.012313,0.030424,-0.010999,0.095891,-0.056375,0.012799,0.049101,-0.010348,-0.074754,-0.090201,0.0095363,0
1,0.9259,0.25539,-0.032107,0.046373,0.0343,-0.081151,-0.2464,0.0010718,0.024517,-0.096629,0.071081,-0.02232,-0.089934,0.057161,-0.061402,-0.01475,0.006629,0.056025,-0.06922,0.012064,0.0081106,-0.063991,-0.094645,0.018312,-0.016747,0.016318,-0.00842,0.0025806,0.053979,0
1,0.9619,0.24975,0.072541,0.0056799,0.049365,-0.058185,-0.058653,0.0011277,-0.008904,0.062056,0.040373,-0.043265,-0.043132,-0.0016475,0.059622,0.041072,0.075596,-0.054422,0.0016647,-0.043555,0.024189,0.016234,-0.046231,-0.0307,0.030536,-0.037725,-0.10718,0.03019,-0.064406,0
1,0.95635,0.25333,0.022542,0.030516,0.088353,-0.087056,-0.077602,-0.052046,0.048635,-0.05523,-0.0081235,-0.12378,-0.038568,0.059244,0.070816,-0.039642,0.029922,0.0095289,-0.018291,-0.014486,-0.057019,-0.017657,-0.0086764,-0.085304,-0.0017296,0.014824,0.040185,-0.049417,0.078148,0
1,0.96913,0.15076,0.17242,-0.062565,0.0043046,-0.031447,-0.10854,0.060825,-0.11074,-0.028114,0.043815,0.050497,-0.018198,0.034683,-0.08197,0.033445,0.051908,-0.022466,-0.060251,-0.099142,0.036601,0.023707,0.020838,-0.058616,0.038214,-0.023223,0.073143,0.033201,-0.051357,0
1,0.88519,0.16479,-0.22926,0.17857,0.017588,-0.017177,-0.025461,-0.11829,-0.17282,0.09188,0.036364,0.095131,-0.079526,0.16855,-0.23044,-0.027751,-0.037843,0.065448,-0.028197,0.10274,-0.027122,-0.061879,0.11271,0.0050043,-0.010815,0.056295,0.043321,-0.04541,-0.050583,0
1,0.93392,0.062068,-0.26784,0.034416,-0.069883,-0.03486,0.036078,0.050113,-0.041325,-0.14433,0.071108,-0.015808,-0.0024239,0.11354,-0.12093,-0.057872,-0.00036863,0.026471,-0.044792,-0.030783,0.071155,0.049358,0.0034784,0.039144,-0.079891,-0.061449,0.062772,0.0097291,0.057504,0
1,0.81797,-0.094436,0.48593,-0.15004,0.086572,0.19347,0.057163,-0.037393,-0.073399,-0.081554,0.11635,-0.081315,-0.092212,0.0042147,0.037313,0.12076,0.059148,0.022916,-0.017019,-0.079304,0.072423,0.020996,0.11155,0.054165,0.090148,0.011414,0.031859,0.10656,-0.031463,0
1,0.8104,-0.19699,0.40185,-0.28625,0.00044982,0.070148,0.015889,-0.10715,0.099521,-0.12309,0.1856,-0.19039,-0.15675,0.063936,0.025641,-0.059827,-0.094161,0.029075,0.055082,0.029184,-0.024975,0.012251,-0.024576,-0.030091,0.034522,-0.0049788,-0.048038,0.033727,0.0080885,0
1,0.91982,0.30187,0.25008,-0.071342,0.094761,-0.03738,0.014606,0.0019612,0.025872,0.046212,0.040571,-0.033569,-0.023205,0.0039837,0.088554,0.0083493,0.02134,0.016871,0.076701,-0.027391,0.1824,-0.039147,0.006922,0.0074433,-0.076896,0.0056889,0.01246,-0.068788,-0.065912,0
1,1.0009,0.20132,-0.012713,0.06586,0.081138,0.076009,0.076403,0.21694,-0.042812,-0.088264,0.080831,-0.042859,0.15416,0.07518,0.11924,0.054704,0.030461,-0.070964,0.10028,-0.034166,-0.00024272,0.023186,0.0085318,-0.0099226,0.031106,-0.021213,-0.06314,-0.052254,-0.0019323,0
1,0.78634,0.33733,0.54039,-0.34163,-0.012858,-0.079819,0.084348,-0.034133,-0.21127,-0.018509,-0.31469,-0.13849,0.026851,0.030611,0.004587,0.011079,-0.029615,-0.022063,-0.0015095,-0.029358,-0.056997,-0.029587,0.061497,-0.039623,-0.022734,0.039382,0.0043182,0.017359,-0.063529,0
1,0.94725,-0.010714,0.12936,-0.0043995,0.057567,0.15422,0.034176,0.028847,-0.022424,-0.012593,0.11644,-0.036925,-0.15489,0.077962,-0.03615,0.056666,-0.069675,-0.0076801,-0.036415,-0.025565,0.0041295,0.011937,0.027555,-0.13687,-0.086273,-0.090394,0.067223,0.040186,0.048175,0
1,0.67031,0.24914,0.39707,0.17004,0.3074,0.34616,0.21175,-0.34168,0.028221,0.1584,0.15055,-0.025177,-0.00827,0.0891,-0.044796,0.031216,-0.046544,-0.037472,-0.12826,-0.036424,-0.054196,0.024,0.0096958,-0.056608,-0.013906,-0.058518,0.046343,-0.067753,-0.015019,0
1,0.89622,0.061401,0.37743,-0.076257,0.15195,0.025977,-0.017161,0.094745,-0.038544,-0.0097574,0.17397,-0.094573,-0.11889,-0.10244,0.035258,-0.012438,-0.028277,0.051806,-0.023282,0.028769,0.087808,0.057955,-0.010614,0.033701,-0.075368,0.05013,-0.017388,0.0033716,-0.016536,0
1,0.96097,-0.088416,0.043174,-0.12883,-0.14962,-0.036277,-0.034157,-0.0025464,-0.014639,-0.029687,0.044846,-0.062437,-0.037188,0.094222,-0.025842,-0.007704,-0.028049,0.014898,0.0093305,-0.021717,0.059297,0.017156,0.025846,0.09369,-0.079071,-0.084373,0.026174,0.045846,-0.091987,0
1,0.79693,0.45917,0.06332,0.27845,0.29171,0.1763,-0.19871,0.038014,0.13604,-0.16683,0.14688,-0.1379,-0.064508,-0.054709,0.0094997,0.067868,-0.0070047,0.078262,0.0055019,0.010387,-0.032218,0.010382,0.038789,0.10311,0.063693,0.014503,0.038742,0.059306,0.00089042,0
1,0.92807,0.1563,0.056914,-0.10641,-0.050042,-0.057322,0.062653,-0.076776,-0.11678,-0.044326,0.14676,-0.029763,0.013722,-0.13209,-0.053126,0.18157,-0.047455,0.03906,0.024543,-0.067369,-0.084556,0.11724,-0.039303,0.0017047,-0.071048,0.024056,0.024441,0.010473,-0.029599,0
1,0.88057,-0.082329,0.40303,-0.099006,0.037697,0.14107,-0.050745,-0.085231,0.067427,-0.046548,0.14433,-0.079624,-0.16664,-0.0036849,-0.061761,0.032335,0.038074,0.029144,0.025702,0.032417,-0.027887,-0.0020292,0.081571,-0.089801,0.026779,0.038889,-0.049064,0.064431,0.037208,0
1,0.83139,0.013777,0.24648,-0.12292,0.082576,0.13408,-0.029491,0.14217,0.11072,-0.20148,0.13853,-0.14201,0.03059,-0.01048,-0.18743,-0.1367,-0.047043,-0.070033,-0.014535,-0.061754,0.086277,-0.062394,0.02585,-0.17272,-0.035699,0.033717,0.00062373,-0.1165,-0.017089,0
1,1.0048,0.037564,-0.013339,0.025292,-0.062186,-0.096167,0.032388,0.09334,-0.08588,-0.055354,0.015463,0.0078772,0.030056,0.056313,0.043202,0.10842,0.083773,0.09162,0.04082,-0.066753,0.007282,-0.065057,-0.072495,-0.024474,-0.10889,0.096245,0.017417,0.016896,-0.024242,0
1,0.97182,0.025927,-0.056259,0.070365,0.084833,0.031863,0.092375,-0.089251,-0.059021,-0.075485,0.1643,-0.052826,0.031474,0.065674,-0.11065,-0.0096056,-0.058973,0.069147,0.0020423,0.10831,-0.050933,-0.048722,0.077788,0.050423,0.025558,0.07215,0.0024874,-0.0011359,0.038566,0
1,0.74299,0.39585,0.74054,0.089959,0.038671,0.36414,0.073863,0.074082,0.033025,-0.22448,0.068263,-0.16883,0.081734,0.001773,0.049918,-0.074176,-0.01289,-0.052131,-0.13357,-0.027708,-0.066136,0.033418,-0.031607,-0.0029343,0.047683,0.03498,-0.028042,-0.031436,0.011011,0
1,0.93798,0.23121,0.24007,-0.11444,0.016984,-0.0088674,-0.065729,0.059468,0.0003429,0.090295,-0.027346,-0.078575,0.050612,-0.067315,-0.071633,-0.093512,0.045052,-0.030362,0.015175,0.016136,-0.012191,0.06093,-0.037751,0.038801,-0.02361,0.059664,0.059779,-0.0098243,0.047674,0
1,0.95056,0.046331,0.1367,-0.11491,0.056051,0.057627,-0.06384,0.080062,-0.064315,0.075961,-0.02255,-0.0086672,0.079136,0.068092,-0.042494,-0.04579,0.036871,-0.12819,0.02892,0.045259,0.0096919,0.088439,-0.097027,-0.062963,-0.10217,-0.0088128,0.042712,0.040421,0.012102,0
1,0.98055,0.096252,0.13532,0.033003,0.098464,0.16385,-0.0018413,0.029026,-0.0488,0.054148,0.010451,-0.034623,0.04412,-0.068098,-0.10717,-0.017546,-0.061702,0.056123,0.065798,0.068293,0.022435,0.02175,0.0396,-0.0013734,0.012227,-0.079284,-0.0025275,0.023663,0.037304,0
1,0.92951,0.27095,-0.11202,0.1358,0.15127,0.062077,-0.0086872,0.082341,-0.046018,-0.061151,0.12426,0.091926,-0.010934,0.040579,-0.029805,0.014252,-0.040231,0.04203,0.1067,0.046894,-0.024518,0.045017,0.03616,-0.081772,-0.12133,0.026891,-0.055262,0.011731,0.032651,0
1,0.95398,-0.027504,0.094024,-0.16115,-0.060748,-0.0098716,0.11951,0.040309,-0.022993,0.0082978,0.11481,-0.048003,-0.036961,0.066541,0.015312,-0.097418,0.063444,-0.049539,0.018966,-0.007439,0.01043,0.0054975,0.0092832,0.051535,-0.070377,-0.0817,0.1079,0.088807,0.052033,0
1,0.9111,0.083386,0.16072,-0.03136,0.039341,0.1167,0.048325,0.0065232,-0.069796,-0.030872,0.12545,-0.19652,0.058663,0.00074838,-0.18838,-0.2072,0.0002605,-0.041125,0.037053,0.028381,0.010274,-0.044622,-0.01968,0.041194,0.017556,0.078973,-0.027917,-0.0084443,0.0057175,0
1,0.91671,0.0041583,-0.01322,0.023656,0.044666,0.076745,0.12326,0.11154,-0.12351,-0.15433,-0.038081,-0.064559,-0.21755,-0.0048999,-0.092436,-0.060378,0.13487,0.031487,0.023896,-0.10532,-0.11962,0.02899,-0.013624,0.031372,-0.036569,-0.00099919,-0.0018393,-0.051487,0.0584,0
1,0.95942,-0.078177,0.032954,-0.17087,-0.085669,-0.085137,-0.012707,-0.024951,-0.089422,0.023956,0.034372,-0.049081,-0.10409,0.020642,-0.12537,-0.057264,0.023095,0.065913,-0.010857,-0.039336,-0.0059258,-0.073645,-0.087901,-0.0026415,-0.045397,-0.097382,0.019354,-0.020518,-0.0086376,0
1,0.77588,-0.1107,0.28655,-0.14481,0.035476,0.14193,0.062188,0.074777,0.16542,-0.15569,0.18971,-0.019224,-0.042665,0.043096,-0.27915,-0.2424,-0.13912,0.11245,-0.077912,-0.083101,-0.0055878,-0.039214,-0.066006,0.11817,-0.050772,-0.017878,-0.0071992,0.1245,-0.023151,0
1,0.91308,0.16982,0.12366,-0.17504,-0.045783,-0.049892,-0.011083,0.058361,0.068295,0.0021233,0.052629,-0.02172,0.0045111,-0.22069,0.1625,0.12055,0.0084455,0.052051,-0.03212,-0.072419,-0.0090662,0.020978,0.02033,0.086823,-0.039695,0.0025193,0.080473,0.038311,0.032781,0
1,0.89239,0.08305,0.003309,0.028689,-0.030223,0.044178,-0.05459,0.14042,-0.068235,-0.35455,0.17092,-0.02761,-0.0070817,0.032739,-0.13036,-0.15089,-0.070363,-0.033892,0.033293,-0.039682,0.011892,-0.016553,-0.061011,-0.037742,0.023964,-0.088601,0.024744,-0.08386,-0.04502,0
1,0.95653,0.019793,0.011947,-0.12987,0.021121,-0.012577,-0.045181,-0.1731,0.073204,-0.026277,0.080564,-0.13287,-0.11349,0.10654,-0.068308,-0.040412,0.057,0.054936,0.029099,-0.016653,0.028507,0.037535,0.06173,0.086603,-0.039327,-0.098344,0.020998,-0.0061674,0.051437,0
1,0.87262,0.21115,0.069519,0.1783,0.14119,0.2751,0.046282,0.030851,0.034296,0.004949,0.17397,0.0086951,0.10386,0.035626,-0.064962,0.13798,0.030569,0.043448,0.062489,0.0027662,-0.024826,0.013739,-0.090078,-0.10627,-0.12679,0.04863,-0.067505,0.089543,-0.043449,0
1,0.8779,0.26566,0.032253,0.1312,-0.00039972,-0.088801,-0.032291,0.023289,0.078918,-0.16548,-0.016891,-0.030033,-0.080373,-0.20288,-0.015426,0.14268,0.0060077,-0.079735,0.027487,-0.010782,0.0084008,-0.11519,-0.15767,-0.079772,-0.084408,0.026647,0.034138,-0.034924,0.030715,0
1,0.91425,0.29163,0.043142,0.029601,0.028761,0.015561,-0.027905,0.04467,-0.10205,0.018887,0.15574,-0.085519,-0.097982,-0.11445,-0.028847,0.12006,-0.1122,0.059073,0.046089,0.059898,-0.092725,-0.0092487,0.014035,0.032778,0.030358,-0.029024,0.069756,-0.011365,-0.0066209,0
1,0.97398,0.25577,0.053846,0.0062512,0.17858,-0.055452,-0.073794,-0.023575,0.0027191,0.091769,-0.06902,0.076957,-0.060148,0.020839,-0.055303,0.038829,-0.018613,-0.028892,0.0047898,0.095207,-0.031453,-0.0068994,-0.088123,-0.02251,0.040328,-0.025784,0.07488,0.028745,0.013257,0
1,0.94851,0.26584,0.10115,0.021875,0.025669,-0.039475,-0.11706,0.048676,0.039045,-0.078799,-0.026121,0.0076421,-0.0092562,0.00083568,-0.048322,-0.03141,0.050406,0.039869,-0.024474,-0.023192,-0.028877,0.031961,0.036986,-0.012777,-0.0029666,0.0014522,0.0070888,0.072043,0.017147,0
1,0.95465,0.19271,0.20295,-0.056491,0.024442,0.0098951,-0.062773,-0.0050811,-0.11373,0.087993,-0.026599,-0.021842,0.04552,-0.016664,-0.010382,-0.06301,0.00063313,-0.018472,0.0028907,-0.072269,0.027952,-0.0041352,-0.00054416,-0.067506,0.11541,-0.070968,-0.034552,-0.0029927,0.059442,0
1,0.95708,0.26235,0.10525,0.011546,0.039356,-0.030692,-0.074121,-0.05298,-0.044537,0.044952,-0.028059,0.0088518,-0.01356,-0.023452,0.0137,-0.032504,0.071474,0.047486,-0.034685,-0.035113,0.10345,-0.051741,0.01938,-0.10683,-0.058266,-0.084931,-0.00020906,-0.013815,0.017162,0
1,0.97291,0.21339,0.13928,-0.02121,0.04597,0.02602,-0.085861,0.0031911,-0.026657,0.048815,-0.0098335,0.0056922,0.042379,-0.0091158,0.060567,0.037024,-0.015373,0.0047764,-0.026528,0.003,-0.011816,0.015667,0.014234,-0.0077727,0.057638,-0.12499,-0.048244,-0.064067,0.053221,0
1,0.22209,0.71968,-0.47526,0.3167,0.28522,-0.087287,-0.034388,-0.16831,0.22295,0.028441,-0.106,-0.009815,-0.064234,0.060106,0.20018,-0.23978,-0.13049,0.0031062,0.083199,-0.00021113,-0.036219,0.072005,-0.084524,-0.084229,-0.025794,-0.026798,0.032066,-0.018519,0.043085,0
1,0.95059,0.20789,0.14731,-0.0027266,-0.013377,-0.026126,-0.10438,0.019388,0.0015437,-0.010963,-0.026098,-0.079537,0.053165,0.04106,0.012329,-0.046124,0.064863,-0.050935,-0.10367,0.0016557,0.019615,0.049362,-0.0098821,-0.002459,0.022819,0.037218,0.011459,0.048104,0.007841,0
1,0.96284,0.17918,0.11222,0.012066,-0.045958,-0.074799,-0.14242,-0.038102,-0.055542,0.020028,0.012678,-0.017473,-0.041097,0.023391,-0.031708,-0.065774,-0.019301,0.0030717,0.030798,-0.018395,-0.0013621,0.038591,-0.033633,0.043857,-0.026126,0.019307,0.031347,-0.029838,-0.022616,0
1,0.94999,0.21452,0.13695,0.04282,0.019022,0.030771,-0.10614,-0.013238,-0.0028871,-0.079477,-0.018821,0.022142,-0.047973,-0.069065,0.020096,0.017078,0.03563,-0.042099,-0.093349,-0.060169,-0.0052383,0.019247,-0.072572,0.064211,-0.029639,-0.003501,0.093613,-0.033148,0.016995,0
1,0.94853,0.21007,0.044269,-0.023236,-0.0028465,-0.15718,-0.20826,0.044732,0.054585,0.037656,-0.02746,-0.033236,-0.06087,0.0055549,-0.052608,-0.013007,-0.0050534,0.074317,0.03902,0.0058133,0.0066389,-0.011926,0.032109,-0.025471,0.0091364,0.02749,-0.058286,0.072664,-0.045946,0
1,0.92977,0.25943,0.070003,0.035445,0.056291,-0.13041,-0.16142,-0.017757,-0.0115,-0.084808,0.012981,-0.051694,-0.095807,0.050097,0.089227,-0.023299,0.061234,-0.0096934,0.014436,-0.036069,-0.009452,0.051705,0.0020528,-0.034949,0.0037793,-0.023544,0.036405,0.0046425,0.013632,0
1,0.96404,-0.02159,0.22915,-0.085625,-0.029474,-0.0034501,0.056025,-0.13153,-0.0071719,-0.055552,0.00041218,0.038405,0.0073688,0.032597,-0.027515,-0.061358,0.063911,-0.076314,0.032379,-0.017591,-0.063591,0.033945,0.079545,-0.018099,0.015576,-0.098766,-0.065432,0.031478,0.026167,0
1,0.9337,0.19578,0.20644,-0.083778,-0.0051928,-0.024937,-0.066765,-0.024475,0.049596,0.012024,-0.075855,-0.0609,0.015253,0.0080965,-0.12246,0.066895,-0.027847,0.0059611,-0.019205,-0.08793,0.055969,0.018717,-0.11488,-0.0098251,0.034199,0.0092774,0.047049,-0.028057,-0.013769,0
1,0.95843,0.27686,0.039999,-0.033261,0.13061,-0.073606,-0.079557,0.072132,0.01762,-0.047149,-0.099663,0.038909,0.013308,0.10202,-0.089412,0.096154,-0.0062239,-0.061007,-0.029336,-0.014599,-0.044418,-0.031985,-0.038143,-0.011584,0.06579,-0.036888,-0.036224,0.027118,0.001796,0
1,0.93312,0.16109,0.26981,-0.092715,-0.084642,0.036479,-0.090676,0.205,-0.0080455,0.027248,0.026359,0.034044,0.030894,0.01204,-0.024377,0.054688,0.021193,0.031657,-0.082152,-0.025106,0.0095642,0.10786,0.0059622,-0.011838,0.034543,-0.013715,-0.062969,-0.11005,-0.0025412,0
1,0.96494,0.22513,0.0099024,-0.02087,0.029955,-0.017493,-0.12025,-0.002167,-0.014001,0.055146,0.015425,-0.056285,0.056381,0.0060845,-0.072852,0.019346,0.061771,0.029101,-0.071916,0.023016,0.043104,0.027784,0.018822,0.0041325,0.041039,0.004981,-0.044282,0.0082149,0.093767,0
1,0.96331,0.19514,-0.040077,0.024162,0.055027,-0.0098682,-0.17169,-0.0021299,-0.043569,0.046067,0.016686,-0.0020387,0.040615,0.027245,-0.023131,-0.058328,0.038197,0.043184,-0.014006,-0.04841,0.011403,0.032009,-0.020883,0.00015833,-0.015931,0.015713,-0.00077587,-0.06008,-0.021045,0
1,0.9465,0.27933,0.11222,-0.072808,0.16765,-0.073478,-0.098553,-0.010854,0.019677,0.10676,-0.052602,0.047032,-0.032849,0.081773,-0.018119,-0.033926,0.036418,0.068229,0.017099,0.032692,0.036518,-0.027826,-0.030881,0.020952,0.059194,0.01445,0.066004,-0.030336,-0.056846,0
1,0.94428,0.21713,0.098197,0.025534,-0.0014419,-0.090377,-0.14532,-0.079717,-0.024952,0.044144,-0.051863,-0.052876,-0.010796,0.067907,-0.011237,-0.05545,0.031622,-0.03891,-0.039489,-0.065133,0.065326,0.024327,0.0039814,-0.050672,0.010473,0.049128,-0.033805,-0.004303,-0.014116,0
1,0.93838,0.35103,0.087283,-0.012166,0.013345,-0.017135,-0.1001,-0.013656,0.027624,0.0065076,-0.03687,-0.02629,-0.058013,0.0093936,0.045126,-0.12742,0.052467,-0.035777,0.0033986,-0.049103,-0.045302,0.028902,-0.032108,-0.0069929,-0.00097616,0.0046883,-0.031169,-0.0065776,-0.059996,0
1,0.96334,0.18076,0.084538,0.033124,0.0083201,-0.053059,-0.12874,0.011756,-0.02129,0.036045,0.012881,-0.041472,-0.022782,0.029488,0.0031087,-0.038965,0.051029,0.0256,-0.045942,0.0065208,-0.0023922,-0.016799,0.033765,0.031065,0.011405,-0.025421,-0.0080206,-0.013825,0.019906,0
1,0.94012,0.34852,0.094356,-0.0017004,0.026044,-0.027965,-0.011274,-0.10494,0.084207,-0.0058064,-0.05429,-0.10418,0.0096432,0.0048884,0.13629,-0.11795,0.0073645,0.060613,-0.098623,0.021319,-0.068077,-0.044568,-0.014569,-0.039577,-0.02026,0.0054465,-0.032846,-0.068389,-0.016844,0
1,0.94275,0.14692,0.072317,-0.087687,-0.10047,-0.034251,-0.030537,-0.056647,-0.057657,0.040556,0.072905,-0.035909,-0.025338,-0.1575,-0.031039,0.12282,-0.10973,-0.13372,-0.021526,0.0080317,-0.045493,-0.02671,0.066888,0.00042856,-0.06153,0.018648,0.023364,-0.022538,0.043247,0
1,0.77111,0.29877,-0.35025,0.19791,-0.25633,-0.31768,-0.24334,-0.16256,-0.058911,-0.13987,0.10822,-0.022316,-0.12981,-0.1015,0.0103,0.13093,-0.038158,0.030087,0.018081,-0.0015886,-0.0060398,-0.020767,-0.025878,-0.077469,0.0038886,-0.010022,-0.0084871,-0.0576,-0.045787,0
