0.000000000000000000e+00,1.152445466520104856e+04,-3.440757010864300537e+04
0.000000000000000000e+00,1.403516644140717653e+04,-3.785705517101158330e+04
0.000000000000000000e+00,1.527099384689501449e+03,-3.047925301180781025e+04
0.000000000000000000e+00,1.472847599562437790e+04,-3.898190892095780146e+04
0.000000000000000000e+00,1.796220170954418427e+04,-3.937270153412046784e+04
0.000000000000000000e+00,1.032509509641146906e+04,-3.522678437234906596e+04
0.000000000000000000e+00,9.298014395614181922e+03,-3.507991014361806447e+04
0.000000000000000000e+00,1.343628583392388828e+04,-3.342163389043758070e+04
0.000000000000000000e+00,2.055229288934354190e+04,-3.669361015972840687e+04
0.000000000000000000e+00,1.898444103964873284e+04,-4.143581494351425499e+04
0.000000000000000000e+00,6.553198028748363868e+03,-3.513427135331586032e+04
0.000000000000000000e+00,4.559365622490012356e+03,-3.588619417724153027e+04
0.000000000000000000e+00,1.130710490106203360e+04,-3.326117056000522280e+04
0.000000000000000000e+00,1.183249334863563672e+04,-3.265208432113888921e+04
0.000000000000000000e+00,9.340663809282126749e+03,-3.464639832959095656e+04
0.000000000000000000e+00,1.886803773805731907e+02,-2.865130825025325612e+04
0.000000000000000000e+00,1.430079585785416748e+04,-3.796162263284609799e+04
0.000000000000000000e+00,1.881513663593606179e+04,-4.160936203848256991e+04
0.000000000000000000e+00,1.560152062197789928e+04,-3.449725539989281970e+04
0.000000000000000000e+00,1.811282289169979413e+04,-4.003409259205841954e+04
0.000000000000000000e+00,1.947711773831910978e+04,-3.583499673145758425e+04
0.000000000000000000e+00,1.104312758300992937e+04,-3.633419891844393715e+04
0.000000000000000000e+00,8.710494482174099176e+03,-3.591349550774708041e+04
0.000000000000000000e+00,1.950594499037829883e+04,-3.562777876848070446e+04
0.000000000000000000e+00,1.869804441256991413e+04,-4.177513066417428490e+04
0.000000000000000000e+00,1.318578090470765710e+04,-2.963928765766942524e+04
0.000000000000000000e+00,9.890916045988875339e+03,-3.248561691170481572e+04
0.000000000000000000e+00,8.245571671970290481e+03,-3.436683995010614308e+04
0.000000000000000000e+00,7.353324906412508426e+03,-3.040424743297948953e+04
0.000000000000000000e+00,1.236112012110095930e+04,-3.318750372458306083e+04
0.000000000000000000e+00,8.080818720964887689e+03,-3.444575025146809639e+04
0.000000000000000000e+00,6.908724199550575577e+03,-1.462135130372562708e+04
0.000000000000000000e+00,1.761367841447583487e+04,-3.748917480296049325e+04
0.000000000000000000e+00,1.610454878611952336e+04,-3.640456916992236802e+04
0.000000000000000000e+00,1.206877482589721330e+04,-3.255242967193535515e+04
0.000000000000000000e+00,1.782280289830929541e+04,-4.023439756478410709e+04
0.000000000000000000e+00,1.197327778978846618e+04,-3.374144273642815824e+04
0.000000000000000000e+00,8.721643807580278008e+03,-3.221066162129695658e+04
0.000000000000000000e+00,1.078262822589458483e+04,-3.588696975301554630e+04
0.000000000000000000e+00,8.012164179991853416e+03,-3.838502590783000778e+04
0.000000000000000000e+00,1.778047066545259440e+04,-4.278838079084100900e+04
0.000000000000000000e+00,1.822969023522986026e+04,-4.169265860024353606e+04
0.000000000000000000e+00,1.931566715992521858e+04,-4.134029529540151270e+04
0.000000000000000000e+00,5.790405980120212917e+03,-3.256492299382197962e+04
0.000000000000000000e+00,1.222461575542916944e+04,-3.409979620547295053e+04
0.000000000000000000e+00,1.811044238382502590e+04,-4.195040942293991247e+04
0.000000000000000000e+00,1.774058368484208040e+04,-3.666406456317899574e+04
0.000000000000000000e+00,1.718953297208168078e+04,-3.848730929660727270e+04
0.000000000000000000e+00,2.057679310697299297e+04,-3.743038341250150552e+04
0.000000000000000000e+00,1.243684428763774304e+04,-3.902223400231781852e+04
0.000000000000000000e+00,1.065877293559102509e+04,-4.235074391534914321e+04
0.000000000000000000e+00,1.313777359386855460e+04,-3.920797407303379441e+04
0.000000000000000000e+00,1.051906144527282049e+04,-3.878298120326024946e+04
0.000000000000000000e+00,1.029134000255312094e+04,-4.446565567738148093e+04
0.000000000000000000e+00,1.162830064731675157e+04,-3.586547107704186783e+04
0.000000000000000000e+00,1.161844100773160608e+04,-3.687219896962294297e+04
0.000000000000000000e+00,8.422785667813184773e+03,-3.695310402224079007e+04
0.000000000000000000e+00,8.054899175230812034e+03,-3.746575429459309817e+04
0.000000000000000000e+00,1.940356267573978403e+04,-4.132587121145705896e+04
0.000000000000000000e+00,5.239116910682399066e+03,-3.255205336800100849e+04
0.000000000000000000e+00,4.574568229294098273e+03,-3.785468643323772267e+04
0.000000000000000000e+00,3.817507418619275995e+03,-2.806109571054143817e+04
0.000000000000000000e+00,1.189140369671144072e+04,-3.515568307811301202e+04
0.000000000000000000e+00,1.292219189035211457e+04,-3.832273405202745926e+04
0.000000000000000000e+00,1.117052004262399350e+04,-3.444519435445009731e+04
0.000000000000000000e+00,7.500746889783073129e+03,-3.540811392305608024e+04
0.000000000000000000e+00,1.860975890260613960e+04,-4.321395390452909487e+04
0.000000000000000000e+00,1.988440229159336013e+04,-3.967635099768199871e+04
0.000000000000000000e+00,7.637012714400290861e+03,-3.343778550664537761e+04
0.000000000000000000e+00,7.657380105770165756e+03,-3.651485369209497003e+04
0.000000000000000000e+00,1.136121797314253672e+04,-3.193205038726133353e+04
0.000000000000000000e+00,1.751621830765963750e+04,-3.736750749533923954e+04
0.000000000000000000e+00,9.584515321618508096e+03,-3.988651247114932630e+04
0.000000000000000000e+00,1.058273560108516722e+04,-3.970999219607887062e+04
0.000000000000000000e+00,9.477810636468811936e+03,-3.626717638864723267e+04
0.000000000000000000e+00,1.267987641542348865e+04,-3.352303051444863377e+04
0.000000000000000000e+00,1.001476358944837557e+04,-3.537741644937104138e+04
0.000000000000000000e+00,4.374799353163593878e+03,-2.895992854187345438e+04
0.000000000000000000e+00,1.060299974162379294e+04,-3.233158251520684644e+04
0.000000000000000000e+00,2.049613825311166511e+04,-4.215288943934105919e+04
0.000000000000000000e+00,4.131036834255939539e+03,-2.450693916889610045e+04
0.000000000000000000e+00,8.795401379480259493e+03,-3.322226135164134030e+04
0.000000000000000000e+00,7.749985002827596873e+03,-3.741488481122789381e+04
0.000000000000000000e+00,1.352521741091268268e+04,-3.318180533433984237e+04
0.000000000000000000e+00,1.393570792899692242e+04,-3.343125984005755163e+04
0.000000000000000000e+00,1.396634800638417983e+04,-3.350157762966131850e+04
0.000000000000000000e+00,1.573065028591658847e+04,-3.460487832294504915e+04
0.000000000000000000e+00,1.734809865322784026e+04,-3.770005926438020833e+04
0.000000000000000000e+00,1.354377180727114137e+04,-3.492968705277063418e+04
0.000000000000000000e+00,1.285552252587715157e+04,-3.757052469372295309e+04
0.000000000000000000e+00,1.725307131788908373e+04,-3.794199031815590570e+04
0.000000000000000000e+00,1.488403466107115855e+04,-3.870077499548643391e+04
0.000000000000000000e+00,1.370729168228799790e+04,-3.992428321142213099e+04
0.000000000000000000e+00,7.790395932417428412e+03,-3.626726170134853601e+04
0.000000000000000000e+00,4.914021317443560292e+03,-3.716580524727345619e+04
0.000000000000000000e+00,1.020131046246477672e+04,-3.175171579743543043e+04
0.000000000000000000e+00,6.364472511315413612e+03,-3.426562863397759793e+04
0.000000000000000000e+00,8.630273127742013457e+03,-3.424790344827152148e+04
0.000000000000000000e+00,9.988497109728305077e+03,-3.091621691837433536e+04
0.000000000000000000e+00,1.440355413951476658e+04,-3.509150195761285431e+04
0.000000000000000000e+00,1.549712635944698377e+04,-3.921637661126075545e+04
0.000000000000000000e+00,2.181095011776528190e+04,-3.761539286067046487e+04
0.000000000000000000e+00,2.021032672365132385e+04,-4.016823773444537801e+04
0.000000000000000000e+00,2.715396431113384097e+03,-3.332091753898475145e+04
0.000000000000000000e+00,7.812163962284873378e+03,-3.768122879324702808e+04
0.000000000000000000e+00,1.722941601988897310e+04,-3.581433252653790987e+04
0.000000000000000000e+00,2.050245789210188832e+03,-3.006027794950635871e+04
0.000000000000000000e+00,1.894314144929739268e+04,-3.832736820417383569e+04
0.000000000000000000e+00,1.141001522652593667e+04,-3.229746034978688476e+04
0.000000000000000000e+00,4.481663308537203193e+03,-2.943032121369551896e+04
0.000000000000000000e+00,6.555985278506075701e+03,-3.487684212438981922e+04
0.000000000000000000e+00,6.949381019512275998e+03,-3.185557851985303932e+04
0.000000000000000000e+00,1.082820659456904832e+04,-3.496016470786751597e+04
0.000000000000000000e+00,1.093408438387208116e+04,-3.127073906435359095e+04
0.000000000000000000e+00,1.823167698739715706e+04,-3.774141652951930882e+04
0.000000000000000000e+00,1.493732220456487266e+04,-3.718849884617183852e+04
0.000000000000000000e+00,1.452204078301847039e+04,-3.351931910165480076e+04
0.000000000000000000e+00,1.770448743515251772e+04,-3.797841863020657183e+04
0.000000000000000000e+00,1.585656868373903308e+04,-3.678508215083950199e+04
0.000000000000000000e+00,1.322784630899225886e+04,-3.941094446629086451e+04
0.000000000000000000e+00,1.810933752827536591e+04,-4.194982010259867820e+04
0.000000000000000000e+00,6.607865306384030191e+03,-3.396902542950861243e+04
0.000000000000000000e+00,8.174781854718452450e+03,-3.781146127278180211e+04
0.000000000000000000e+00,1.099780226717157893e+04,-3.629413739011585130e+04
0.000000000000000000e+00,1.868801131275071020e+04,-3.762388495811384928e+04
0.000000000000000000e+00,5.379341432381634149e+03,-3.329524426356147160e+04
0.000000000000000000e+00,6.528669545600205311e+03,-3.483599073127654992e+04
0.000000000000000000e+00,1.113787543469369848e+04,-3.517909671555112436e+04
0.000000000000000000e+00,7.499674891418508196e+03,-3.403218608652083640e+04
0.000000000000000000e+00,6.793762796373304809e+03,-3.551720681331658125e+04
0.000000000000000000e+00,1.971167518433239093e+04,-3.606916155270099989e+04
0.000000000000000000e+00,1.241027774008317283e+04,-3.395269465387379023e+04
0.000000000000000000e+00,3.734711768578677038e+02,-3.377158960391300207e+04
0.000000000000000000e+00,7.852638161491622668e+03,-3.298016860907148657e+04
0.000000000000000000e+00,1.014594207535914575e+04,-3.594541089781634219e+04
0.000000000000000000e+00,1.379486432716107811e+04,-3.283119304505184118e+04
0.000000000000000000e+00,8.780327559293751619e+03,-3.537565997370472905e+04
0.000000000000000000e+00,5.091630826637905557e+03,-3.279748262511851499e+04
0.000000000000000000e+00,1.868371004313109006e+04,-3.677472204939027870e+04
0.000000000000000000e+00,1.788490258677667225e+04,-4.161072815276185429e+04
0.000000000000000000e+00,1.845520720435602925e+04,-3.692757216208811587e+04
0.000000000000000000e+00,9.898950062727561090e+03,-3.233050701684581145e+04
0.000000000000000000e+00,1.370075013628787747e+04,-4.064572177616688714e+04
0.000000000000000000e+00,-2.457988201037062481e+03,-3.674280930351957795e+04
0.000000000000000000e+00,1.337576658101858993e+04,-3.407248083474393206e+04
0.000000000000000000e+00,9.487794218175411515e+03,-3.501158438048068638e+04
0.000000000000000000e+00,1.822336409889483912e+04,-3.676929503299978387e+04
0.000000000000000000e+00,2.025440978857357914e+04,-4.040074966663203668e+04
0.000000000000000000e+00,1.467520706703573160e+04,-4.139880617429811537e+04
0.000000000000000000e+00,8.881441080121749110e+03,-3.367697415137130156e+04
0.000000000000000000e+00,1.706473864072208380e+04,-3.706946595033774793e+04
0.000000000000000000e+00,1.622035385285485609e+04,-4.212902134179631685e+04
0.000000000000000000e+00,1.466513451689585781e+04,-3.506532493358536158e+04
0.000000000000000000e+00,9.366222713089049648e+03,-4.321470781847933540e+04
0.000000000000000000e+00,1.832745626272245863e+04,-3.607776402597060223e+04
0.000000000000000000e+00,4.210063058857930628e+03,-3.453000379514015367e+04
0.000000000000000000e+00,1.177718649387242658e+04,-3.291137351474950992e+04
0.000000000000000000e+00,1.369022595472946705e+04,-3.399304970535344182e+04
0.000000000000000000e+00,7.661641468779892421e+03,-3.015469662229383903e+04
0.000000000000000000e+00,8.938898510681239713e+03,-3.690490066390650463e+04
0.000000000000000000e+00,1.141200494228378011e+04,-3.700825734343861404e+04
0.000000000000000000e+00,7.971578927362214927e+03,-4.231318970599896420e+04
0.000000000000000000e+00,1.608980164494717974e+04,-3.623717458875567536e+04
0.000000000000000000e+00,1.179797575256250275e+04,-3.804908912931811210e+04
0.000000000000000000e+00,2.360635468642033447e+04,-4.243371193235855026e+04
0.000000000000000000e+00,1.087289280747133489e+04,-3.117321698993028986e+04
0.000000000000000000e+00,4.564467185168185097e+03,-3.240935531660757988e+04
0.000000000000000000e+00,1.572293767040662715e+04,-3.848035399554090691e+04
0.000000000000000000e+00,1.256689693522471134e+04,-3.788501475475273764e+04
0.000000000000000000e+00,1.102002828073209821e+04,-3.483694268813817325e+04
0.000000000000000000e+00,9.812930943778823348e+03,-3.700369669840301503e+04
0.000000000000000000e+00,1.022784602251473007e+04,-3.332360064171007980e+04
0.000000000000000000e+00,1.127783882996755710e+04,-3.388776091545315285e+04
0.000000000000000000e+00,1.002939304622123564e+04,-3.638205411414855189e+04
0.000000000000000000e+00,1.447502894183323224e+04,-4.378621094875615381e+04
0.000000000000000000e+00,1.154849019529875113e+04,-3.878757554076262750e+04
0.000000000000000000e+00,7.695691991325495110e+03,-3.066049409030262177e+04
0.000000000000000000e+00,9.315442022545566942e+03,-4.091802147976790729e+04
0.000000000000000000e+00,1.349918563807681312e+04,-3.397892511483771523e+04
0.000000000000000000e+00,1.079786327495196383e+04,-3.772998910500589409e+04
0.000000000000000000e+00,7.365090632223195826e+03,-3.461163079090960673e+04
0.000000000000000000e+00,9.357345698033868757e+03,-4.005698188508812018e+04
0.000000000000000000e+00,1.598770328679179693e+04,-3.629086804984883202e+04
0.000000000000000000e+00,1.029119907305166635e+04,-3.192302316472382154e+04
0.000000000000000000e+00,8.753589141682250556e+03,-3.433415246146619029e+04
0.000000000000000000e+00,1.310660240857033205e+04,-3.345101962917463243e+04
0.000000000000000000e+00,6.171856664022289806e+03,-3.461800314424165845e+04
0.000000000000000000e+00,1.614613106853902354e+04,-3.774688103843851422e+04
0.000000000000000000e+00,9.858044546558627189e+03,-3.848565674004627363e+04
0.000000000000000000e+00,6.084950236539145408e+03,-3.812134804626262485e+04
0.000000000000000000e+00,6.363520253689198398e+03,-3.530978093115153752e+04
0.000000000000000000e+00,5.762885342021816541e+03,-3.641621263700193958e+04
0.000000000000000000e+00,1.241360719650855026e+04,-3.885776098285023181e+04
0.000000000000000000e+00,1.248040688335324558e+04,-3.357047114241694362e+04
0.000000000000000000e+00,7.517441805141434088e+03,-2.805053975492398240e+04
0.000000000000000000e+00,1.259307623489178150e+04,-3.629696411856657505e+04
0.000000000000000000e+00,7.146439406346217766e+03,-3.135521289647002413e+04
0.000000000000000000e+00,1.641951338803669933e+04,-3.763028784053606796e+04
0.000000000000000000e+00,2.438893958409140396e+03,-3.085861544985215369e+04
0.000000000000000000e+00,1.139285152452396505e+04,-3.566185913651479495e+04
0.000000000000000000e+00,1.135489981799973066e+04,-3.520378672397458286e+04
0.000000000000000000e+00,1.591407030821652370e+04,-3.939740649801446125e+04
0.000000000000000000e+00,1.120353865850766124e+04,-3.734063530018996244e+04
0.000000000000000000e+00,1.115707275140974343e+04,-3.556873551949261309e+04
0.000000000000000000e+00,1.459294024298577460e+04,-3.229432406591108884e+04
0.000000000000000000e+00,1.050182233417438874e+04,-3.292350852730179031e+04
0.000000000000000000e+00,1.481030220009247569e+04,-3.712581680357293953e+04
0.000000000000000000e+00,7.258702486328396844e+03,-3.324230568719269650e+04
0.000000000000000000e+00,1.608781855008421189e+04,-3.554616826193883026e+04
0.000000000000000000e+00,1.089797691839026811e+04,-3.830556861908504652e+04
0.000000000000000000e+00,1.689065056044734592e+04,-3.645219783054781874e+04
0.000000000000000000e+00,1.863203434090948213e+04,-3.815018028912128648e+04
0.000000000000000000e+00,1.542135650603765316e+04,-3.049094937064148689e+04
0.000000000000000000e+00,1.801492138494779283e+04,-3.257225636881405080e+04
0.000000000000000000e+00,1.229456362781488679e+04,-3.232941210140622934e+04
0.000000000000000000e+00,1.458378599576582019e+04,-3.386845120025244978e+04
0.000000000000000000e+00,1.783194102155469227e+04,-3.931860027135635028e+04
0.000000000000000000e+00,5.595932773612099481e+03,-3.305438192550114036e+04
0.000000000000000000e+00,1.335230671264645389e+04,-3.152802384868203080e+04
0.000000000000000000e+00,1.045765389730925745e+04,-3.833016083559353865e+04
0.000000000000000000e+00,1.509682520337682217e+04,-4.011044553789215570e+04
0.000000000000000000e+00,2.788374927453443433e+03,-3.003177717011537243e+04
0.000000000000000000e+00,8.588733836907102159e+03,-3.491156057517170848e+04
0.000000000000000000e+00,6.241635278776714586e+03,-3.576638733170466730e+04
0.000000000000000000e+00,8.957151849118918108e+03,-3.903562114982651838e+04
0.000000000000000000e+00,5.907146353312977226e+03,-3.750977354551037570e+04
0.000000000000000000e+00,1.017983936049786462e+04,-3.694310326103719854e+04
0.000000000000000000e+00,1.045043719986265023e+04,-3.739076727277622558e+04
0.000000000000000000e+00,7.830089814385572026e+03,-3.796136037529975147e+04
0.000000000000000000e+00,8.601899009195976760e+03,-3.384727573551391106e+04
0.000000000000000000e+00,1.280330304369204714e+04,-3.702982290657342674e+04
0.000000000000000000e+00,8.746023866834599175e+03,-3.724299479495402920e+04
0.000000000000000000e+00,8.158845346353474270e+03,-3.847837601971147524e+04
0.000000000000000000e+00,1.939722545201956746e+04,-4.137949354081993079e+04
0.000000000000000000e+00,2.051188531192818118e+04,-4.011446324282587011e+04
0.000000000000000000e+00,7.759837678273848724e+03,-3.758644666718922235e+04
0.000000000000000000e+00,1.018721698468879549e+04,-3.736988505180690845e+04
0.000000000000000000e+00,1.137235345840000991e+04,-3.509803865568155015e+04
0.000000000000000000e+00,1.569238843669988819e+04,-3.774109299937260948e+04
0.000000000000000000e+00,8.974612329205530841e+03,-3.226680619331789421e+04
0.000000000000000000e+00,1.513030125761106319e+04,-3.548790076146353385e+04
0.000000000000000000e+00,1.687794157312054085e+04,-4.240445281142311433e+04
0.000000000000000000e+00,9.502158369998025591e+03,-3.525218422076533898e+04
0.000000000000000000e+00,4.072950968196760641e+03,-4.146185084762258339e+04
0.000000000000000000e+00,1.941451324012015539e+04,-4.122172740056244220e+04
0.000000000000000000e+00,5.619714171096576138e+03,-3.045999437120942093e+04
0.000000000000000000e+00,7.484028023942402797e+03,-3.209740957259278002e+04
0.000000000000000000e+00,1.610392501081773298e+04,-3.786915464570403128e+04
0.000000000000000000e+00,1.836722194016402500e+04,-4.152067804374100524e+04
0.000000000000000000e+00,2.173532063774837661e+04,-3.903026852821600187e+04
0.000000000000000000e+00,2.156392969171408549e+04,-4.041124886216979939e+04
0.000000000000000000e+00,1.559287839328668633e+04,-3.858775464929485315e+04
0.000000000000000000e+00,1.772547636548818264e+04,-3.742376718846436415e+04
0.000000000000000000e+00,8.809499635991803643e+02,-3.691648644264255563e+04
0.000000000000000000e+00,2.144515858800838032e+04,-3.981282976184258587e+04
0.000000000000000000e+00,7.116336386634315204e+03,-3.266105261501053246e+04
0.000000000000000000e+00,1.475340527859812573e+04,-3.693129695546944276e+04
0.000000000000000000e+00,9.330169337873647237e+03,-3.007634002871636767e+04
0.000000000000000000e+00,1.396102478457852339e+04,-3.430666832933596015e+04
0.000000000000000000e+00,1.066722509312447801e+04,-3.833893721622358862e+04
0.000000000000000000e+00,6.824611873151097825e+03,-3.861071338913738873e+04
0.000000000000000000e+00,1.133105265859821338e+04,-3.193149722399654274e+04
0.000000000000000000e+00,1.056607666538322519e+04,-3.587302652443338593e+04
0.000000000000000000e+00,7.320341368633463389e+03,-3.592280882427746110e+04
0.000000000000000000e+00,1.126280604193440377e+04,-3.416967960834025871e+04
0.000000000000000000e+00,4.896894476099543681e+03,-3.254139172205173963e+04
0.000000000000000000e+00,2.024566404396892904e+04,-4.464501916819061444e+04
0.000000000000000000e+00,1.070995906186602406e+04,-4.002760850219662825e+04
0.000000000000000000e+00,1.066655745767312692e+04,-3.757792964084611594e+04
0.000000000000000000e+00,6.787644026511022275e+03,-3.190567914462503541e+04
0.000000000000000000e+00,1.492057638747634337e+04,-3.322927589655799238e+04
0.000000000000000000e+00,8.325026601449893860e+03,-3.777025957669756463e+04
0.000000000000000000e+00,6.758624085579789607e+03,-3.367038849882927025e+04
0.000000000000000000e+00,1.578634425491313959e+04,-3.956965842271391011e+04
0.000000000000000000e+00,1.469826895732521189e+04,-4.559461739538419351e+04
0.000000000000000000e+00,5.288062527735814001e+03,-3.772234887035805878e+04
0.000000000000000000e+00,1.759768902465694919e+04,-3.734255432636298065e+04
0.000000000000000000e+00,1.684595657509853481e+04,-4.222072590643731382e+04
0.000000000000000000e+00,1.930832383579497764e+04,-4.185226617999191512e+04
0.000000000000000000e+00,1.859449942405215188e+04,-3.741518836011872190e+04
0.000000000000000000e+00,2.197326496078562559e+04,-4.020321075862937869e+04
0.000000000000000000e+00,9.911460100508022151e+03,-3.700535384720179718e+04
0.000000000000000000e+00,2.044584498496282322e+04,-3.677625558102974173e+04
0.000000000000000000e+00,1.777117517195180699e+04,-4.348569257882604870e+04
0.000000000000000000e+00,1.201528739227429833e+04,-3.528604928898396611e+04
0.000000000000000000e+00,1.951917867101886077e+04,-3.621348306389246136e+04
0.000000000000000000e+00,8.537192195501189417e+03,-3.285404252151510445e+04
0.000000000000000000e+00,7.805895747035677232e+03,-3.760626161330316245e+04
0.000000000000000000e+00,9.569235806713370039e+03,-3.601934487159232958e+04
0.000000000000000000e+00,2.015387685568422603e+04,-4.232420003595937305e+04
0.000000000000000000e+00,2.210154508161884951e+04,-4.231470543485064991e+04
0.000000000000000000e+00,1.677849016915585526e+04,-3.955332766776668723e+04
0.000000000000000000e+00,1.953557407579965366e+04,-4.100073108337492886e+04
0.000000000000000000e+00,8.000766446335643195e+03,-3.747458869584750937e+04
0.000000000000000000e+00,1.324726525319911525e+04,-3.741906151373145985e+04
0.000000000000000000e+00,1.442831868999669678e+04,-3.121118558610389664e+04
0.000000000000000000e+00,1.452136739832125022e+04,-3.412205733743275778e+04
0.000000000000000000e+00,1.730393576245359509e+04,-3.729386799854031415e+04
0.000000000000000000e+00,3.534914356677083560e+03,-3.528366074057194055e+04
0.000000000000000000e+00,1.107422995309884573e+04,-3.668105641222757549e+04
0.000000000000000000e+00,7.119820304544910869e+03,-3.269899941797140127e+04
0.000000000000000000e+00,1.042001804934366010e+04,-3.268381903359751959e+04
0.000000000000000000e+00,2.028745707592359759e+04,-3.608327948625404679e+04
0.000000000000000000e+00,1.190621708486562966e+04,-3.373161860430701927e+04
0.000000000000000000e+00,1.475336470777219256e+04,-3.208610533369714540e+04
0.000000000000000000e+00,2.796785451622116852e+03,-3.210549812073428620e+04
0.000000000000000000e+00,1.522834990792286408e+04,-3.603346771929359238e+04
0.000000000000000000e+00,1.600501919071930388e+04,-4.205942431472464523e+04
0.000000000000000000e+00,8.822929828787435326e+03,-3.447092630990897305e+04
0.000000000000000000e+00,1.630962395065355122e+04,-3.762297765844559035e+04
0.000000000000000000e+00,9.395614828524963741e+03,-3.468063532672123256e+04
0.000000000000000000e+00,1.147976128311364300e+04,-3.303342632299489196e+04
0.000000000000000000e+00,7.930843908978108630e+03,-2.891356780164974043e+04
0.000000000000000000e+00,1.885977318935536823e+04,-3.780040365317866235e+04
0.000000000000000000e+00,1.360561919549431695e+04,-3.681762181312649045e+04
0.000000000000000000e+00,1.163371342111995364e+04,-3.503030316786936601e+04
0.000000000000000000e+00,8.248530873582270942e+03,-3.364010819261380675e+04
0.000000000000000000e+00,4.731837461529768916e+03,-2.988926744024381333e+04
0.000000000000000000e+00,3.333133334440904946e+03,-2.816088161487197431e+04
0.000000000000000000e+00,1.792205228702131717e+04,-3.781303965241066180e+04
0.000000000000000000e+00,6.567679683619508978e+03,-3.157188157646780746e+04
0.000000000000000000e+00,1.008393372195808115e+04,-3.140258384687599028e+04
0.000000000000000000e+00,1.196519969893719281e+04,-3.322029721438604611e+04
0.000000000000000000e+00,1.433357470763241872e+04,-3.176281225500955406e+04
0.000000000000000000e+00,1.114968316576824691e+04,-3.405936522879143013e+04
0.000000000000000000e+00,1.878045551876983154e+04,-4.231213689502684429e+04
0.000000000000000000e+00,1.534952372811325222e+04,-3.399253189083750476e+04
0.000000000000000000e+00,6.209186577999959809e+03,-3.570612458011652052e+04
0.000000000000000000e+00,1.739624933603962199e+04,-3.594755311051836907e+04
0.000000000000000000e+00,1.708641012255716851e+04,-3.784464609044535609e+04
0.000000000000000000e+00,1.240054408979580330e+04,-4.035161147790797986e+04
0.000000000000000000e+00,1.846671233250122532e+04,-4.036085734888747538e+04
0.000000000000000000e+00,1.332534456723468247e+04,-3.578800423784156010e+04
0.000000000000000000e+00,9.856149241316652478e+03,-3.384774704639628180e+04
0.000000000000000000e+00,7.850863184350841948e+03,-3.266347429225388987e+04
0.000000000000000000e+00,1.131548904010985643e+04,-3.529372751503819745e+04
0.000000000000000000e+00,1.715848333722949610e+04,-3.644863237439157092e+04
0.000000000000000000e+00,2.019160445699771299e+04,-4.219828521071872092e+04
0.000000000000000000e+00,1.814663985203181437e+04,-4.328758380838995072e+04
0.000000000000000000e+00,2.052289657929633904e+04,-3.653394092061472475e+04
0.000000000000000000e+00,1.879282489125341090e+04,-4.118696916914603207e+04
0.000000000000000000e+00,1.276530717440435001e+04,-3.750521154495324299e+04
0.000000000000000000e+00,1.574865061205707025e+04,-3.621640323890500440e+04
0.000000000000000000e+00,9.770506329803303743e+03,-3.830138517988316744e+04
0.000000000000000000e+00,1.195215626119926492e+04,-3.693257059283970011e+04
0.000000000000000000e+00,1.508419045657386414e+04,-3.777973838330688159e+04
0.000000000000000000e+00,9.052732509625488092e+03,-3.371737951954812161e+04
0.000000000000000000e+00,9.850336618051376718e+03,-3.203911528757082851e+04
0.000000000000000000e+00,8.847731996612670628e+03,-3.663251287032627442e+04
0.000000000000000000e+00,6.704798986772299031e+03,-3.415022384802671877e+04
0.000000000000000000e+00,9.902967744711162595e+03,-4.244295741038666893e+04
0.000000000000000000e+00,1.954024856491621540e+04,-3.962903384404655662e+04
0.000000000000000000e+00,1.359247220660275707e+04,-3.645887109101864189e+04
0.000000000000000000e+00,8.918181037013157038e+03,-3.433816847094062541e+04
0.000000000000000000e+00,1.116380093626393136e+04,-3.482395100181394082e+04
0.000000000000000000e+00,1.600962443028751659e+04,-3.847597213891582214e+04
0.000000000000000000e+00,9.272348805719995653e+03,-3.148051356452624532e+04
0.000000000000000000e+00,5.463109291907594525e+03,-2.049113857385264782e+04
0.000000000000000000e+00,8.026613893080742855e+03,-3.334892296511399763e+04
0.000000000000000000e+00,1.879669972243477241e+04,-3.856075074581238005e+04
0.000000000000000000e+00,1.408797875413751171e+04,-3.948360994602168648e+04
0.000000000000000000e+00,8.094768551068751549e+03,-3.894698020044850273e+04
0.000000000000000000e+00,2.018173480178905447e+04,-3.856708236620355456e+04
0.000000000000000000e+00,1.232660534483214360e+04,-3.751471021679755358e+04
0.000000000000000000e+00,1.006378969575696101e+04,-4.043615265187654586e+04
0.000000000000000000e+00,7.827982649173199206e+03,-3.306384838567181578e+04
0.000000000000000000e+00,1.304161057054714183e+04,-3.842803888454546541e+04
0.000000000000000000e+00,6.619556826781182281e+03,-3.181613272005096951e+04
0.000000000000000000e+00,6.256392201099148224e+03,-3.367283313782604819e+04
0.000000000000000000e+00,5.007755074513742329e+03,-3.424182851314263098e+04
0.000000000000000000e+00,1.817419193278011880e+04,-3.625090952497272519e+04
0.000000000000000000e+00,1.807573076358497565e+04,-4.079644791282874212e+04
0.000000000000000000e+00,1.235827380441628338e+04,-3.752554684445171733e+04
0.000000000000000000e+00,9.937995620576944930e+03,-4.182448633034640807e+04
0.000000000000000000e+00,1.788064785356149878e+04,-3.667394447289065283e+04
0.000000000000000000e+00,1.641463033923814692e+03,-3.350987902562452655e+04
0.000000000000000000e+00,9.429434557098073128e+03,-3.386694917731013265e+04
0.000000000000000000e+00,1.642585839398527605e+04,-3.835669372771355847e+04
0.000000000000000000e+00,1.083001877511792736e+04,-3.725311138762084738e+04
0.000000000000000000e+00,1.553845264464867796e+04,-3.700803616763828904e+04
0.000000000000000000e+00,1.834971567112593402e+04,-3.844208791352243134e+04
0.000000000000000000e+00,1.797410456479062123e+04,-4.236202087138176284e+04
0.000000000000000000e+00,1.314930101262982134e+04,-3.370663935165481962e+04
0.000000000000000000e+00,7.913511621393384303e+03,-3.405400336031460029e+04
0.000000000000000000e+00,9.588899184764033635e+03,-3.361445343362841231e+04
0.000000000000000000e+00,1.574679112191572131e+04,-3.783252876201123581e+04
0.000000000000000000e+00,1.172854429518438155e+04,-3.463960069373988517e+04
0.000000000000000000e+00,7.654069644769268052e+03,-3.275075506105430759e+04
0.000000000000000000e+00,5.648720351444335392e+03,-3.550994122664174938e+04
0.000000000000000000e+00,5.426094068217780659e+03,-3.301658319682663569e+04
0.000000000000000000e+00,5.315640137094569582e+03,-3.597901313188791391e+04
0.000000000000000000e+00,3.844773456733761122e+03,-3.360765349847788457e+04
0.000000000000000000e+00,9.551963219410241436e+03,-3.410466865758910717e+04
0.000000000000000000e+00,1.653316078083874891e+04,-3.884421617340386729e+04
0.000000000000000000e+00,1.158371849583496078e+04,-3.897200974363917339e+04
0.000000000000000000e+00,1.613489457757867785e+04,-4.350361543880993850e+04
0.000000000000000000e+00,7.371206569649459198e+03,-3.117193811209008709e+04
0.000000000000000000e+00,1.495654534363837593e+04,-4.332787526206915209e+04
0.000000000000000000e+00,1.242219118000748131e+04,-3.982474863427837408e+04
0.000000000000000000e+00,1.078261222910465949e+04,-3.395894024270994123e+04
0.000000000000000000e+00,9.060227769698129123e+03,-3.215766051097587115e+04
0.000000000000000000e+00,1.531476825142635425e+04,-3.998192759304083302e+04
0.000000000000000000e+00,4.956886248456038629e+03,-3.635612325718622014e+04
0.000000000000000000e+00,5.158169697672457914e+03,-3.277613094986392389e+04
0.000000000000000000e+00,8.086742908696850463e+03,-3.623700794607218995e+04
0.000000000000000000e+00,1.612736727651874753e+04,-3.901506125486473320e+04
0.000000000000000000e+00,1.647643464029533425e+04,-3.553994893158985360e+04
0.000000000000000000e+00,1.373634617714790329e+04,-4.100517455296192929e+04
0.000000000000000000e+00,1.847262031425907480e+01,-2.929709006384131862e+04
0.000000000000000000e+00,1.731200760350684868e+04,-4.109703412372748426e+04
0.000000000000000000e+00,1.160399237852700571e+04,-3.415821824465880491e+04
0.000000000000000000e+00,1.102449867936360761e+03,-2.490912384921751800e+04
0.000000000000000000e+00,9.752900404417478057e+03,-3.206155446204195687e+04
0.000000000000000000e+00,1.914668064719712856e+04,-3.545930725809853175e+04
0.000000000000000000e+00,5.211861320764135598e+03,-2.982253906732120959e+04
0.000000000000000000e+00,1.831239245773437142e+04,-3.902814126377490174e+04
0.000000000000000000e+00,5.705476245701123844e+03,-3.915396533591479965e+04
0.000000000000000000e+00,1.037300323935734014e+04,-3.399465475451131351e+04
0.000000000000000000e+00,9.679463269630983632e+03,-3.584537269563764858e+04
0.000000000000000000e+00,6.110739163849946635e+03,-2.729287887511952431e+04
0.000000000000000000e+00,1.521468058874310009e+04,-3.388281424468283512e+04
0.000000000000000000e+00,8.275956479815631610e+03,-3.829497850838728482e+04
0.000000000000000000e+00,2.236996378964863834e+04,-3.979375925188165274e+04
0.000000000000000000e+00,1.122258706225664901e+04,-3.212264083598417346e+04
0.000000000000000000e+00,1.637535488359192277e+04,-3.764145368824051548e+04
0.000000000000000000e+00,1.607725873811813108e+04,-3.754497179163167311e+04
0.000000000000000000e+00,2.174901266817616488e+04,-4.216431946405066265e+04
0.000000000000000000e+00,5.618998952236907826e+03,-3.262285095860357978e+04
0.000000000000000000e+00,1.185333708531954471e+04,-3.496093055127746629e+04
0.000000000000000000e+00,1.808480169255623696e+04,-4.192794926083838072e+04
0.000000000000000000e+00,1.932519290475638991e+04,-3.752857011250759388e+04
0.000000000000000000e+00,8.554880230639559159e+03,-3.531563991195536801e+04
0.000000000000000000e+00,1.432962182840278911e+04,-3.553151500745741942e+04
0.000000000000000000e+00,1.478880606508687561e+04,-2.965699994794340455e+04
0.000000000000000000e+00,2.331079947278518011e+04,-4.191522799111800850e+04
0.000000000000000000e+00,1.798616071730961994e+04,-3.769357997250404151e+04
0.000000000000000000e+00,1.792504295979687231e+04,-4.152046021749327338e+04
0.000000000000000000e+00,1.967612448078117450e+04,-3.614654982545475650e+04
0.000000000000000000e+00,1.730881048203473983e+04,-3.766289116769059910e+04
0.000000000000000000e+00,1.498518985712819267e+04,-3.594018388717932976e+04
0.000000000000000000e+00,1.807916454434554907e+04,-4.132957312959093542e+04
0.000000000000000000e+00,7.345880739977093981e+03,-3.424679008201599208e+04
0.000000000000000000e+00,1.818671618899542955e+04,-4.123629371131841617e+04
0.000000000000000000e+00,8.953013220464359620e+03,-3.466571442451820621e+04
0.000000000000000000e+00,1.635008872693093508e+04,-3.424683029721851926e+04
0.000000000000000000e+00,2.080681998352152368e+04,-4.112036325210146606e+04
0.000000000000000000e+00,1.377361355216849915e+04,-3.757052155735517590e+04
0.000000000000000000e+00,1.960328788300051019e+04,-3.946116590120756155e+04
0.000000000000000000e+00,1.620582123413298905e+04,-3.848275733397886506e+04
0.000000000000000000e+00,1.004894347991008908e+04,-2.688981623502078583e+04
0.000000000000000000e+00,8.426975427792887785e+03,-3.581661372171847324e+04
0.000000000000000000e+00,1.859948382796427541e+04,-4.095868538563892071e+04
0.000000000000000000e+00,1.999399011752302977e+04,-4.416480119362377445e+04
0.000000000000000000e+00,-1.772875200946222776e+03,-3.546669082738323050e+04
0.000000000000000000e+00,1.349412936720191647e+04,-3.482685361175611615e+04
0.000000000000000000e+00,5.185578185515410041e+03,-3.065871943015018041e+04
0.000000000000000000e+00,1.050813768613483080e+04,-3.680822998967711465e+04
0.000000000000000000e+00,1.261380658875353220e+04,-4.095400860564204049e+04
0.000000000000000000e+00,1.241431633185087230e+04,-3.544177045128883037e+04
0.000000000000000000e+00,1.564102069253851732e+04,-3.935446473966267513e+04
0.000000000000000000e+00,8.607446808792230513e+03,-3.442591245676518156e+04
0.000000000000000000e+00,1.351177598277162360e+04,-4.008293029603796458e+04
0.000000000000000000e+00,8.788338389007285514e+03,-4.547378933069819323e+04
0.000000000000000000e+00,1.816080008400971928e+04,-3.866011421653661091e+04
0.000000000000000000e+00,1.346177698211979259e+04,-4.031602452501116932e+04
0.000000000000000000e+00,1.261576187662083612e+04,-3.651615381771665125e+04
0.000000000000000000e+00,1.050866562766621064e+04,-3.320160698602732009e+04
0.000000000000000000e+00,9.831184504809558348e+03,-3.772946666612671834e+04
0.000000000000000000e+00,1.904664244123236494e+04,-3.786688311343506211e+04
0.000000000000000000e+00,1.467417928538754313e+04,-3.679007947148200765e+04
0.000000000000000000e+00,1.665330133877418120e+04,-3.278856392777640576e+04
0.000000000000000000e+00,4.566390986665966921e+03,-3.607441980891244020e+04
0.000000000000000000e+00,9.474225201661438405e+03,-3.841553149590929388e+04
0.000000000000000000e+00,1.088409299276270758e+04,-3.360194177113530895e+04
0.000000000000000000e+00,1.100977522908161882e+04,-3.067936329286605178e+04
0.000000000000000000e+00,7.778661788703589082e+03,-3.714695586597181682e+04
0.000000000000000000e+00,3.965120059338132705e+03,-3.921137161824275972e+04
0.000000000000000000e+00,1.104678359758033730e+04,-3.727210340911112871e+04
0.000000000000000000e+00,1.986611131910303811e+04,-3.596198889609937032e+04
0.000000000000000000e+00,1.228293883108830414e+04,-3.735713773121141276e+04
0.000000000000000000e+00,4.724865602940556528e+03,-3.091417780514732658e+04
0.000000000000000000e+00,5.897551012752952374e+03,-3.292573462102443591e+04
0.000000000000000000e+00,6.462498453369506024e+03,-3.257365314833020966e+04
0.000000000000000000e+00,1.325166665284022747e+04,-3.649382306008583691e+04
0.000000000000000000e+00,1.580574084447182395e+04,-3.973812938077159197e+04
0.000000000000000000e+00,1.834187044066842645e+04,-4.070894529827102815e+04
0.000000000000000000e+00,5.213976915374801138e+03,-3.489202257338158233e+04
0.000000000000000000e+00,1.127897071577381575e+04,-3.666314737215104105e+04
0.000000000000000000e+00,1.146693689642153367e+04,-3.680377184667369875e+04
0.000000000000000000e+00,1.782103785996858642e+04,-4.292986461642068025e+04
0.000000000000000000e+00,1.068378730719980558e+04,-3.469368795190662058e+04
0.000000000000000000e+00,1.908208917775965892e+04,-3.820358259454359359e+04
0.000000000000000000e+00,1.183260212539528584e+04,-3.314644153497394291e+04
0.000000000000000000e+00,1.926178866120102248e+04,-4.070197358051000629e+04
0.000000000000000000e+00,7.576105782903903219e+02,-3.255469336709847266e+04
0.000000000000000000e+00,4.339396305655586730e+03,-2.577611870919911598e+04
0.000000000000000000e+00,1.369065713526470427e+04,-3.602263936474826187e+04
0.000000000000000000e+00,1.512328930699323973e+04,-3.795163959148372669e+04
0.000000000000000000e+00,1.449823323664550117e+04,-3.573315158021650132e+04
0.000000000000000000e+00,1.922850818101128971e+04,-4.345382117083009507e+04
0.000000000000000000e+00,9.284210554581342876e+03,-3.377706685866645421e+04
0.000000000000000000e+00,6.266495151245079796e+03,-3.387993157944996346e+04
0.000000000000000000e+00,5.436154252926693516e+03,-2.959072593037045226e+04
0.000000000000000000e+00,1.305064965025678066e+04,-3.789119132165921474e+04
0.000000000000000000e+00,1.728274102947011852e+04,-3.927115055076006684e+04
0.000000000000000000e+00,8.629384702243032734e+03,-3.665562489258992719e+04
0.000000000000000000e+00,1.204008330550212668e+04,-3.385171949507461977e+04
0.000000000000000000e+00,1.285007063520373777e+04,-2.986493399387973477e+04
0.000000000000000000e+00,1.998838071456965918e+04,-3.676129524712448620e+04
0.000000000000000000e+00,1.527270819260327517e+04,-4.199841706466746837e+04
0.000000000000000000e+00,6.688826711887133570e+03,-3.572425674257767969e+04
0.000000000000000000e+00,1.512568766932285689e+04,-3.597537866767359810e+04
0.000000000000000000e+00,1.768754856360409758e+04,-3.827471560703519208e+04
0.000000000000000000e+00,9.142124236738669424e+03,-3.400712753935679939e+04
0.000000000000000000e+00,1.772740191333907933e+04,-3.144262931440454850e+04
0.000000000000000000e+00,2.232773700823354375e+02,-3.202365422913117436e+04
0.000000000000000000e+00,1.262053015189456528e+04,-3.512347096738137043e+04
0.000000000000000000e+00,6.636523215308765430e+03,-3.374519916766585811e+04
0.000000000000000000e+00,-1.860106721318524251e+03,-3.135937502796585613e+04
0.000000000000000000e+00,8.258234503155988932e+03,-3.292926374671200028e+04
0.000000000000000000e+00,1.921871055444641024e+04,-3.562262950679405185e+04
0.000000000000000000e+00,1.076363298088998272e+04,-3.432819276779417123e+04
0.000000000000000000e+00,1.079242031482870334e+04,-3.252573054345897617e+04
0.000000000000000000e+00,1.130972309296151070e+04,-3.258118010516327558e+04
0.000000000000000000e+00,4.698499389813209746e+03,-3.712032850072764268e+04
0.000000000000000000e+00,1.445824236538110017e+04,-3.340800114916283928e+04
0.000000000000000000e+00,6.623590056989369259e+03,-3.497508724926262221e+04
0.000000000000000000e+00,1.896645316415677371e+04,-3.801466619814376463e+04
0.000000000000000000e+00,1.436726009725339100e+04,-3.337755669489641878e+04
0.000000000000000000e+00,1.342443707508979423e+04,-3.676390400092124764e+04
0.000000000000000000e+00,1.654892094675203407e+04,-3.322993817694517929e+04
0.000000000000000000e+00,1.672259926460676070e+04,-3.663980467255873373e+04
0.000000000000000000e+00,8.596449752090926268e+03,-3.495143163704968174e+04
0.000000000000000000e+00,1.640859037686905867e+04,-3.796925359870334796e+04
0.000000000000000000e+00,1.408456791769779738e+04,-4.313462472678710765e+04
0.000000000000000000e+00,1.330504355113593920e+04,-3.658552756819720526e+04
0.000000000000000000e+00,1.711488587651122361e+04,-3.929162972353388614e+04
0.000000000000000000e+00,9.313699392053133124e+03,-3.060944366603963135e+04
0.000000000000000000e+00,1.899145893103885464e+04,-4.182610556024315156e+04
0.000000000000000000e+00,1.045087941209453129e+04,-3.469531874384359253e+04
0.000000000000000000e+00,9.866385243589598758e+03,-2.020723922130624123e+04
0.000000000000000000e+00,1.176934622927733653e+04,-3.625559205777967145e+04
0.000000000000000000e+00,1.731818839790465427e+04,-4.338251044332277525e+04
0.000000000000000000e+00,1.011408046877079687e+04,-4.138663522794535675e+04
0.000000000000000000e+00,1.617821450439414184e+04,-3.883190011086625600e+04
0.000000000000000000e+00,1.181247536271669924e+04,-3.682950817536728573e+04
0.000000000000000000e+00,1.454799915100080761e+04,-3.717686205667300965e+04
0.000000000000000000e+00,1.157895601732583054e+04,-4.448227171190314402e+04
0.000000000000000000e+00,1.447814377825719021e+04,-3.873612087673674978e+04
0.000000000000000000e+00,1.622827303458481765e+04,-3.774614269893456367e+04
0.000000000000000000e+00,1.389896129283586743e+04,-3.352374609178910760e+04
0.000000000000000000e+00,1.496619848729182013e+04,-3.123605681431455378e+04
0.000000000000000000e+00,9.588243309835426771e+03,-3.600792863506680442e+04
0.000000000000000000e+00,1.748870036031194468e+04,-4.221035236495343997e+04
0.000000000000000000e+00,5.789102225433573949e+03,-3.595006876336804999e+04
0.000000000000000000e+00,1.917055527166688989e+04,-3.550331667856944114e+04
0.000000000000000000e+00,1.883000877655982549e+04,-4.159084474609836616e+04
0.000000000000000000e+00,8.811354128922010204e+03,-3.864375642523456190e+04
0.000000000000000000e+00,9.411459735715376155e+03,-3.387465349893677922e+04
0.000000000000000000e+00,1.018457511891942340e+04,-4.227945561271174665e+04
0.000000000000000000e+00,1.358531744557326238e+04,-3.464404486893535795e+04
0.000000000000000000e+00,8.585182742455395783e+03,-4.094584783339588466e+04
0.000000000000000000e+00,1.322584804132550380e+04,-3.883848974509916297e+04
0.000000000000000000e+00,1.238897280637143012e+04,-3.281758840609148319e+04
0.000000000000000000e+00,1.299665808654659486e+04,-3.571478715683874179e+04
0.000000000000000000e+00,1.863560776615027498e+04,-3.729128414281114965e+04
0.000000000000000000e+00,6.275464553226519456e+03,-3.742610145571644534e+04
0.000000000000000000e+00,1.107889381087697438e+04,-3.649688843564913259e+04
0.000000000000000000e+00,2.007647519191080210e+04,-4.067612296978566155e+04
0.000000000000000000e+00,8.032004825318265830e+03,-3.604808040560394875e+04
0.000000000000000000e+00,1.929534419354896454e+04,-4.039506044835256034e+04
0.000000000000000000e+00,9.723422937294148142e+03,-3.298051984598929266e+04
0.000000000000000000e+00,8.292748889347380100e+03,-3.586055171576516295e+04
0.000000000000000000e+00,9.685727233240606438e+03,-3.621903412556616240e+04
0.000000000000000000e+00,6.048322857029397710e+03,-3.453375015023708693e+04
0.000000000000000000e+00,8.391412801674214279e+03,-3.744051161465721088e+04
0.000000000000000000e+00,8.496533935320596356e+03,-3.502716952076907910e+04
0.000000000000000000e+00,1.953417860981038757e+04,-4.005973016373136488e+04
0.000000000000000000e+00,1.532500027233027868e+04,-3.843449712168357655e+04
0.000000000000000000e+00,1.718164352151301500e+04,-3.804344464821628208e+04
0.000000000000000000e+00,1.653859945592496297e+04,-3.809827039695281564e+04
0.000000000000000000e+00,1.475738447357726727e+04,-3.809134707196780801e+04
0.000000000000000000e+00,2.070307496932832510e+04,-3.656622765778830217e+04
0.000000000000000000e+00,1.878248023024193753e+04,-4.171825563259364571e+04
0.000000000000000000e+00,7.577742213067088414e+03,-3.512761445647886285e+04
0.000000000000000000e+00,1.869150055355953009e+04,-4.256356189748216275e+04
0.000000000000000000e+00,3.869189920220636395e+03,-3.634021446505190397e+04
0.000000000000000000e+00,7.175063264130819334e+03,-3.469974431506016845e+04
0.000000000000000000e+00,1.195367459242096993e+04,-3.623501495085004717e+04
0.000000000000000000e+00,1.117944432096054516e+04,-3.497647284373294679e+04
0.000000000000000000e+00,5.153858317845157217e+03,-3.827709446044950164e+04
0.000000000000000000e+00,1.394423756417063669e+04,-3.468776981619113940e+04
0.000000000000000000e+00,1.788229171292601313e+04,-3.798169259926049563e+04
0.000000000000000000e+00,6.654424653885016596e+03,-3.175523616789880543e+04
0.000000000000000000e+00,5.036651952680332215e+03,-3.637934840699652705e+04
0.000000000000000000e+00,2.078078765113883856e+04,-3.802048697317496408e+04
0.000000000000000000e+00,1.515785543953498200e+04,-3.696050656917716697e+04
0.000000000000000000e+00,1.923168949874811005e+04,-3.851468941183081188e+04
0.000000000000000000e+00,2.038776094417245986e+04,-2.753719961271248030e+04
0.000000000000000000e+00,1.361840935324081875e+04,-3.799254184794112371e+04
0.000000000000000000e+00,1.683840435373534638e+04,-4.182719095771068532e+04
0.000000000000000000e+00,1.510253299864872679e+04,-3.779042381866380310e+04
0.000000000000000000e+00,7.333336064813080156e+03,-3.587588494770265970e+04
0.000000000000000000e+00,1.859409623325993380e+04,-4.310078981356156874e+04
0.000000000000000000e+00,9.991607736478359584e+03,-3.549628114072572498e+04
0.000000000000000000e+00,7.924452605157439393e+03,-2.898803874196318793e+04
0.000000000000000000e+00,7.000508060235151788e+03,-3.391659333169896126e+04
0.000000000000000000e+00,5.911116909074085925e+03,-3.754790426039208978e+04
0.000000000000000000e+00,5.510653876557013064e+03,-3.291510847937272774e+04
0.000000000000000000e+00,1.449951162942907104e+04,-3.576818572679778299e+04
0.000000000000000000e+00,6.422791345942650878e+03,-3.599638443239270418e+04
0.000000000000000000e+00,9.630599434717716576e+03,-3.358919288208766375e+04
0.000000000000000000e+00,1.382718969006511907e+04,-3.470265593763957440e+04
0.000000000000000000e+00,1.076022909698353396e+04,-3.102349148688963396e+04
0.000000000000000000e+00,1.060749465845473242e+04,-3.639287103009983548e+04
0.000000000000000000e+00,9.987217002728488296e+03,-3.282975387230377964e+04
0.000000000000000000e+00,1.563237898508193211e+04,-3.847124813339160755e+04
0.000000000000000000e+00,1.053086099829218983e+04,-3.943407566691629472e+04
0.000000000000000000e+00,1.308972029206021944e+04,-3.978912352102574368e+04
0.000000000000000000e+00,6.940658063432758354e+03,-3.397118745764963387e+04
0.000000000000000000e+00,1.487653545784297967e+04,-3.693018290660269122e+04
0.000000000000000000e+00,7.069784373591984149e+03,-3.733462353805606108e+04
0.000000000000000000e+00,1.888323192785010542e+04,-4.025542942777454300e+04
0.000000000000000000e+00,1.090342760111459393e+04,-3.464997749307077902e+04
0.000000000000000000e+00,1.322086126303449055e+04,-3.706364136621578655e+04
0.000000000000000000e+00,2.010796333693297856e+04,-3.837516135607157776e+04
0.000000000000000000e+00,1.990699583237012484e+04,-3.915349868526050705e+04
0.000000000000000000e+00,1.271122583128587576e+04,-3.572914216059660248e+04
0.000000000000000000e+00,1.886129491593788407e+04,-3.334429172421961266e+04
0.000000000000000000e+00,7.824231173602873241e+03,-3.284424270455288934e+04
0.000000000000000000e+00,1.739238545503778732e+04,-3.537613360283991642e+04
0.000000000000000000e+00,5.817464103890163642e+03,-2.909133233961601218e+04
0.000000000000000000e+00,7.992195635723703163e+03,-3.017491425399137734e+04
0.000000000000000000e+00,1.118633448341597250e+04,-3.201194442437112230e+04
0.000000000000000000e+00,6.350031486277887780e+03,-3.147132806189642724e+04
0.000000000000000000e+00,4.821058907147052196e+03,-3.231187271425541985e+04
0.000000000000000000e+00,9.400975022034306676e+03,-3.475786121659406490e+04
0.000000000000000000e+00,8.100630150927656359e+03,-3.857127747383777023e+04
0.000000000000000000e+00,6.795072310775334699e+03,-3.306601051538581669e+04
0.000000000000000000e+00,9.877978481626691064e+03,-3.573983119880498998e+04
0.000000000000000000e+00,-1.453282318140765710e+03,-3.052665909800073496e+04
0.000000000000000000e+00,1.065367318427388454e+04,-3.666708466804990894e+04
0.000000000000000000e+00,1.268649266373832143e+04,-4.081555110225581302e+04
0.000000000000000000e+00,1.296927646545430980e+04,-3.789442974883718125e+04
0.000000000000000000e+00,9.777794577353393834e+03,-3.585933353278247523e+04
0.000000000000000000e+00,1.018501628742718094e+04,-3.746972421934761951e+04
0.000000000000000000e+00,9.803533692387522024e+03,-3.507471170742205140e+04
0.000000000000000000e+00,9.462955826550121856e+03,-3.361287714424746810e+04
0.000000000000000000e+00,6.621990725500919325e+03,-3.360763555470178835e+04
0.000000000000000000e+00,5.311277500444848556e+03,-2.918497946165088433e+04
0.000000000000000000e+00,8.944522699788069076e+03,-3.300029019421218254e+04
0.000000000000000000e+00,1.059702072460146883e+04,-3.718963192690160213e+04
0.000000000000000000e+00,1.804293923161521161e+04,-4.166428757897830656e+04
0.000000000000000000e+00,8.177182256827266428e+03,-3.393995242248927389e+04
0.000000000000000000e+00,1.358041232474831668e+04,-3.504016928671268397e+04
0.000000000000000000e+00,1.656396236051385495e+04,-3.682087518288909632e+04
0.000000000000000000e+00,7.911792002087559013e+03,-3.166908791006376487e+04
0.000000000000000000e+00,2.007282070274396756e+04,-3.923152951757566916e+04
0.000000000000000000e+00,1.077534482358374771e+04,-2.111038025530762752e+04
0.000000000000000000e+00,7.908930947131149878e+03,-3.439314522854099050e+04
0.000000000000000000e+00,1.433445854433625755e+04,-3.219728901365128331e+04
0.000000000000000000e+00,1.680948918853479699e+04,-4.142232827076033573e+04
0.000000000000000000e+00,1.468287671154257441e+04,-3.629879191684773832e+04
0.000000000000000000e+00,1.562248593848345990e+04,-3.232572470302170041e+04
0.000000000000000000e+00,8.169250681017733768e+03,-3.517419452956091845e+04
0.000000000000000000e+00,1.439380062973426539e+04,-3.706129580449951754e+04
0.000000000000000000e+00,8.486725425945987809e+03,-3.252156147250005597e+04
0.000000000000000000e+00,1.020828471203077970e+04,-3.129569080574423424e+04
0.000000000000000000e+00,1.841074745259967676e+04,-4.098278198686224641e+04
0.000000000000000000e+00,5.181782516501451937e+03,-2.943318583644384125e+04
0.000000000000000000e+00,1.146678613524973844e+04,-3.706933745259795251e+04
0.000000000000000000e+00,9.024559548149200054e+03,-3.455424203733833565e+04
0.000000000000000000e+00,1.191209832469027606e+04,-3.570787832848559628e+04
0.000000000000000000e+00,9.083773495467894463e+03,-3.484165262762233760e+04
0.000000000000000000e+00,6.585802967850669120e+03,-3.339259425218800607e+04
0.000000000000000000e+00,1.655462689845389468e+04,-4.074813992213903839e+04
0.000000000000000000e+00,8.865484765926317777e+03,-3.003198122689852971e+04
0.000000000000000000e+00,1.552269961924732343e+04,-3.743932735074617085e+04
0.000000000000000000e+00,1.915410078863310628e+04,-4.091775238917460956e+04
0.000000000000000000e+00,1.706041939528438525e+04,-3.510394612693131785e+04
0.000000000000000000e+00,8.890266661084562656e+03,-3.293556410969876742e+04
0.000000000000000000e+00,1.936997763861009298e+04,-3.783565610291268968e+04
0.000000000000000000e+00,1.504398009798377461e+04,-3.634093424711488478e+04
0.000000000000000000e+00,8.970163131105879074e+03,-3.395223274899533862e+04
0.000000000000000000e+00,-5.076244956693972199e+01,-3.583424973008246889e+04
0.000000000000000000e+00,2.025334842420174027e+04,-4.074878909102368198e+04
0.000000000000000000e+00,1.821714323367799807e+04,-3.725282752504719247e+04
0.000000000000000000e+00,1.833962552230007714e+04,-4.176956296203684906e+04
0.000000000000000000e+00,1.929492892110600587e+04,-3.557179289860689460e+04
0.000000000000000000e+00,1.766960887410064970e+04,-4.132717711752821197e+04
0.000000000000000000e+00,1.531703184839689493e+04,-3.350198045744322008e+04
0.000000000000000000e+00,4.706303201417987111e+03,-3.649056935820058425e+04
0.000000000000000000e+00,1.690817751863249941e+04,-3.506281240564687323e+04
0.000000000000000000e+00,1.616094419093686884e+04,-3.533186936940816668e+04
0.000000000000000000e+00,1.434816830345008202e+04,-3.410956240096557303e+04
0.000000000000000000e+00,1.461903771032581608e+04,-3.712831923799684591e+04
0.000000000000000000e+00,1.560198742599881371e+04,-3.616342340668023826e+04
0.000000000000000000e+00,9.222522445771921412e+03,-3.150549246115736969e+04
0.000000000000000000e+00,7.611341745289954815e+03,-3.724996345930523967e+04
0.000000000000000000e+00,1.505729563694257740e+04,-3.695795512155952747e+04
0.000000000000000000e+00,1.830331096621501274e+04,-3.903095782700302516e+04
0.000000000000000000e+00,1.301012622650335288e+04,-3.716126205122692045e+04
0.000000000000000000e+00,1.939673836048088560e+04,-3.969383250524528557e+04
0.000000000000000000e+00,1.395103630432141017e+03,-3.550169519311172189e+04
0.000000000000000000e+00,-5.683983823012539460e+02,-3.447453101911992417e+04
0.000000000000000000e+00,8.567822097204534657e+03,-3.739894729344779626e+04
0.000000000000000000e+00,1.683084065096591803e+04,-3.912737422377959592e+04
0.000000000000000000e+00,1.488201454657420618e+04,-3.708432640900190745e+04
0.000000000000000000e+00,9.312261953800805713e+03,-3.405297516660304973e+04
0.000000000000000000e+00,1.062028659949331268e+04,-3.264575932041375563e+04
0.000000000000000000e+00,9.643757259067797349e+03,-3.109864025121899249e+04
0.000000000000000000e+00,1.962900278703505319e+04,-4.096977597736517055e+04
0.000000000000000000e+00,9.107612392860915861e+03,-3.336791539550731977e+04
0.000000000000000000e+00,1.929067050261604663e+03,-4.041940107188864204e+04
0.000000000000000000e+00,1.866935941572841693e+04,-4.126161040864611277e+04
0.000000000000000000e+00,1.155369636233114761e+04,-3.409869727340641839e+04
0.000000000000000000e+00,7.258539886929504974e+03,-3.857537035100933281e+04
0.000000000000000000e+00,1.209224428709524182e+04,-4.169996702298603486e+04
0.000000000000000000e+00,5.006381364015527652e+03,-2.739212508511650231e+04
0.000000000000000000e+00,8.327713785057114364e+03,-3.107561752452283326e+04
0.000000000000000000e+00,6.602710036125231454e+03,-3.441370456452271901e+04
0.000000000000000000e+00,8.582210705214165500e+03,-2.923325426154435263e+04
0.000000000000000000e+00,1.426756527857929541e+04,-3.240338682974506810e+04
0.000000000000000000e+00,1.970186480241339086e+04,-3.652694775111711351e+04
0.000000000000000000e+00,2.205681878729777236e+04,-3.569799772671463870e+04
0.000000000000000000e+00,2.007020300156869052e+04,-3.701008083540791995e+04
0.000000000000000000e+00,1.608019505110715545e+04,-4.029003027493430272e+04
0.000000000000000000e+00,6.324832414465102374e+03,-3.195922782821400324e+04
0.000000000000000000e+00,2.143173231759574264e+04,-4.042623890235794534e+04
0.000000000000000000e+00,1.321841819447368471e+04,-3.967729425564313715e+04
0.000000000000000000e+00,1.025681439525294263e+04,-4.058709178469667677e+04
0.000000000000000000e+00,1.322155759797126484e+04,-3.850838507165501505e+04
0.000000000000000000e+00,1.186813180373716568e+04,-4.398409506180544849e+04
0.000000000000000000e+00,9.598112640866916990e+03,-3.046819603516085772e+04
0.000000000000000000e+00,1.848188401010666348e+04,-4.387305873874323879e+04
0.000000000000000000e+00,5.810290938992260635e+03,-3.799952008170964109e+04
0.000000000000000000e+00,2.242834019031154821e+04,-4.207843335858498904e+04
0.000000000000000000e+00,1.843331819221395563e+04,-4.246473628908825049e+04
0.000000000000000000e+00,1.259892171797852279e+04,-3.191926426448936036e+04
0.000000000000000000e+00,1.188611157035779797e+04,-3.333134913633562246e+04
0.000000000000000000e+00,9.176471878802965875e+03,-3.671142615414334432e+04
0.000000000000000000e+00,8.924084850608303896e+03,-3.253462759907006330e+04
0.000000000000000000e+00,1.635178694346343036e+04,-3.383819168024090322e+04
0.000000000000000000e+00,8.554601849631389996e+03,-3.427516504808164609e+04
0.000000000000000000e+00,1.559807280171660022e+04,-3.339684512955509126e+04
0.000000000000000000e+00,5.641504347898147898e+03,-3.748870931301098608e+04
0.000000000000000000e+00,2.181824566742477327e+04,-3.712360881543504365e+04
0.000000000000000000e+00,1.933962150649004616e+04,-4.166304437751046498e+04
0.000000000000000000e+00,8.971879707500804216e+03,-3.313788545301696286e+04
0.000000000000000000e+00,1.484881495250705120e+04,-4.315606979490644881e+04
0.000000000000000000e+00,1.743989688781690347e+04,-3.599239058636668051e+04
0.000000000000000000e+00,2.037698826241520510e+04,-4.267116417347190873e+04
0.000000000000000000e+00,2.187064818886779904e+04,-4.091436376067124365e+04
0.000000000000000000e+00,-2.005718311367447768e+03,-3.571869414654537832e+04
0.000000000000000000e+00,1.299040183946559591e+04,-3.194795414775923564e+04
0.000000000000000000e+00,1.309266925356646971e+04,-3.740721658176786150e+04
0.000000000000000000e+00,1.753217469748976873e+04,-4.105330913724457059e+04
0.000000000000000000e+00,1.562490503633445951e+04,-3.631217376621882431e+04
0.000000000000000000e+00,2.084687743793958361e+03,-3.283230576505982754e+04
0.000000000000000000e+00,8.317014020507704117e+03,-3.654234051673421345e+04
0.000000000000000000e+00,1.748307186547552919e+04,-4.106278710630400747e+04
0.000000000000000000e+00,7.820342780223788395e+03,-3.387188167145703483e+04
0.000000000000000000e+00,8.496194525474467810e+03,-3.431519496202869777e+04
0.000000000000000000e+00,1.796544254505431672e+04,-4.121221593425842730e+04
0.000000000000000000e+00,1.416317428318282691e+04,-3.825029596454804414e+04
0.000000000000000000e+00,1.764285124197755795e+04,-4.080974674561478605e+04
0.000000000000000000e+00,1.530825084202254038e+04,-3.781698691984571633e+04
0.000000000000000000e+00,9.878481458476977423e+03,-3.157232528926070518e+04
0.000000000000000000e+00,9.352296766192544965e+03,-3.392488070102795609e+04
0.000000000000000000e+00,1.053138088180102750e+04,-3.728036378740760119e+04
0.000000000000000000e+00,1.140786686125196502e+04,-3.364296701668547030e+04
0.000000000000000000e+00,1.827026434907644580e+04,-3.781648465786300949e+04
0.000000000000000000e+00,9.620155060460117966e+03,-3.722736040686271735e+04
0.000000000000000000e+00,1.050601852894847070e+04,-3.293556394400706631e+04
0.000000000000000000e+00,2.063422221674801767e+04,-3.664344905639385252e+04
0.000000000000000000e+00,5.499713616855621694e+03,-3.321580538736813469e+04
0.000000000000000000e+00,1.864521237036921593e+04,-4.120875548105427151e+04
0.000000000000000000e+00,1.431418279026103301e+04,-3.573846862890066404e+04
0.000000000000000000e+00,1.933125855273636989e+04,-3.693295866221222241e+04
0.000000000000000000e+00,1.781123533807360218e+04,-3.739346760695676494e+04
0.000000000000000000e+00,1.934081610178186384e+04,-3.917298024518880266e+04
0.000000000000000000e+00,1.949950036980838922e+04,-4.065105812767841417e+04
0.000000000000000000e+00,1.280830224994961100e+04,-3.666369666551821138e+04
0.000000000000000000e+00,1.731978464595505648e+04,-3.703157718375732657e+04
0.000000000000000000e+00,1.875550902955452693e+04,-4.218606925585189310e+04
0.000000000000000000e+00,-9.585594404517009934e+02,-2.345885446650478843e+04
0.000000000000000000e+00,1.241685078469775544e+04,-3.487193045841492858e+04
0.000000000000000000e+00,1.135310090892901644e+04,-3.728477256586901785e+04
0.000000000000000000e+00,1.763753753550401598e+04,-3.798247489294447587e+04
0.000000000000000000e+00,4.981186798968667063e+03,-3.420416260295351094e+04
0.000000000000000000e+00,7.849743007362015305e+03,-3.583320161452850880e+04
0.000000000000000000e+00,1.218920672855140947e+04,-3.344522708337674703e+04
0.000000000000000000e+00,1.543928808932882384e+04,-4.341813503146831499e+04
0.000000000000000000e+00,1.168949077925770871e+04,-3.699782261623424711e+04
0.000000000000000000e+00,2.252294704016548349e+04,-3.980616347957455582e+04
0.000000000000000000e+00,1.910158252419874316e+03,-3.048237201233566884e+04
0.000000000000000000e+00,-2.886518096813511420e+03,-3.555056022369781567e+04
0.000000000000000000e+00,7.162243712965096165e+03,-3.635460830245404941e+04
0.000000000000000000e+00,1.015901663373791780e+04,-3.542451325394592277e+04
0.000000000000000000e+00,1.560474023844309340e+04,-3.338551058998286317e+04
0.000000000000000000e+00,1.006531631707642373e+04,-3.660464257287781948e+04
0.000000000000000000e+00,1.795333230159262530e+04,-3.605419242067111190e+04
0.000000000000000000e+00,1.562921784658467368e+04,-3.744484562571647257e+04
0.000000000000000000e+00,1.094215905260870932e+04,-3.090144206659285192e+04
0.000000000000000000e+00,1.824648237178047566e+04,-4.381161991815399233e+04
0.000000000000000000e+00,8.615509521063095235e+03,-3.042329966291326491e+04
0.000000000000000000e+00,1.464255468380507227e+04,-3.934167235306368093e+04
0.000000000000000000e+00,1.609615596974276923e+04,-4.189281695853882411e+04
0.000000000000000000e+00,1.775295451308279735e+04,-3.911096952915471775e+04
0.000000000000000000e+00,4.675448993957246785e+03,-3.450744206600769394e+04
0.000000000000000000e+00,8.053009621495562897e+03,-3.729969251370229176e+04
0.000000000000000000e+00,9.834213970680095372e+03,-3.573775537676921522e+04
0.000000000000000000e+00,9.747179518315753739e+03,-3.694956255324513040e+04
0.000000000000000000e+00,9.779883377562868191e+03,-3.681969310751592275e+04
0.000000000000000000e+00,7.021703110557704349e+03,-3.849324843773577595e+04
0.000000000000000000e+00,1.092092331236477548e+04,-3.519009524165931361e+04
0.000000000000000000e+00,8.110312717333194087e+03,-3.406004695114961942e+04
0.000000000000000000e+00,6.637018564725656688e+03,-3.475114007634430891e+04
0.000000000000000000e+00,4.987645126924418946e+03,-3.236010701655634330e+04
0.000000000000000000e+00,1.724951183017721632e+04,-3.701179154702260712e+04
0.000000000000000000e+00,1.600089515882817977e+04,-3.403688800832162815e+04
0.000000000000000000e+00,8.244891115113989144e+03,-3.288454688680440449e+04
0.000000000000000000e+00,1.369724412415630650e+04,-3.462016793330002838e+04
0.000000000000000000e+00,1.242822675117410108e+04,-4.146011095225413737e+04
0.000000000000000000e+00,1.186675392775001637e+04,-2.972803210431478510e+04
0.000000000000000000e+00,5.982473851035048938e+03,-3.538983064597319753e+04
0.000000000000000000e+00,1.011562244302776890e+04,-3.525505764635219384e+04
0.000000000000000000e+00,1.347360666921827942e+04,-4.227032472563628835e+04
0.000000000000000000e+00,9.254272313536761430e+03,-3.392302247312571853e+04
0.000000000000000000e+00,-1.405009830119896606e+02,-3.302676636763173883e+04
0.000000000000000000e+00,5.827596991272249397e+03,-3.614562830206372746e+04
0.000000000000000000e+00,1.063654824831270344e+04,-3.553223202252730698e+04
0.000000000000000000e+00,8.088939388399938252e+03,-2.826805536462811506e+04
0.000000000000000000e+00,1.246110488734133287e+04,-4.219164180029310955e+04
0.000000000000000000e+00,7.647088580313440616e+03,-3.382022077077990980e+04
0.000000000000000000e+00,4.677404794731495713e+03,-3.014836182569061202e+04
0.000000000000000000e+00,1.141302814276029130e+04,-3.158143531708720911e+04
0.000000000000000000e+00,5.546856896992981092e+03,-3.241422692909545731e+04
0.000000000000000000e+00,8.336956801211897982e+03,-3.660609607391485770e+04
0.000000000000000000e+00,1.482643774197722814e+04,-3.443650260035811516e+04
0.000000000000000000e+00,1.253934663716511750e+04,-3.545985773450382112e+04
0.000000000000000000e+00,1.451701754973784227e+04,-3.702056556086309138e+04
0.000000000000000000e+00,9.342597371768184530e+03,-3.992766340635428060e+04
0.000000000000000000e+00,1.809231876136163555e+04,-4.358603336869182385e+04
0.000000000000000000e+00,8.483698004843250601e+03,-3.638428593886634189e+04
0.000000000000000000e+00,9.121310757931019907e+03,-2.835416058111325037e+04
0.000000000000000000e+00,1.903920760427226924e+04,-3.833829859511310497e+04
0.000000000000000000e+00,1.911537652024101408e+04,-4.185190527656209451e+04
0.000000000000000000e+00,4.826348550010261533e+03,-3.753269123009714531e+04
0.000000000000000000e+00,1.844338881212444903e+04,-3.756475063789894921e+04
0.000000000000000000e+00,1.274503112164739832e+03,-3.121170087779572714e+04
0.000000000000000000e+00,1.854078727175659151e+04,-3.948853338678950968e+04
0.000000000000000000e+00,1.535829704840160593e+04,-3.900648699042673252e+04
0.000000000000000000e+00,1.875883690431216019e+04,-3.744785728416484926e+04
0.000000000000000000e+00,1.279253401852482602e+04,-4.143864411079354613e+04
0.000000000000000000e+00,9.382691256255599001e+03,-3.368933708219032269e+04
0.000000000000000000e+00,1.640744707377162558e+04,-3.781011184917479841e+04
0.000000000000000000e+00,1.388435772253089453e+04,-3.526020026167130709e+04
0.000000000000000000e+00,1.625413281194298543e+04,-3.769093984749213269e+04
0.000000000000000000e+00,1.095431595744501101e+04,-3.470042295942916826e+04
0.000000000000000000e+00,2.217073186940689993e+04,-3.969317032881067280e+04
0.000000000000000000e+00,9.622807682339718667e+03,-3.231209209444940643e+04
0.000000000000000000e+00,1.431438569674294740e+04,-3.898209230246792140e+04
0.000000000000000000e+00,6.897996884772078374e+03,-4.265737003480023122e+04
0.000000000000000000e+00,1.376879018217861812e+04,-4.316129990808446018e+04
0.000000000000000000e+00,1.378527943847062488e+04,-3.931173094594033319e+04
0.000000000000000000e+00,8.351518081132859152e+03,-4.085269412789661874e+04
0.000000000000000000e+00,1.597800955678414357e+04,-3.899968490958341135e+04
0.000000000000000000e+00,1.152929682902656714e+04,-3.729347719801183121e+04
0.000000000000000000e+00,-1.333111518973411648e+03,-3.418988558835072763e+04
0.000000000000000000e+00,1.099136706777396830e+04,-3.845091450524980610e+04
0.000000000000000000e+00,1.159803461741518549e+04,-4.146710504349758412e+04
0.000000000000000000e+00,1.344137183192596603e+04,-3.844920418462521775e+04
0.000000000000000000e+00,1.690218959421680484e+04,-4.270489716624240100e+04
0.000000000000000000e+00,5.956958063769016007e+03,-3.472738933230709517e+04
0.000000000000000000e+00,7.076087135772389047e+03,-3.352735358656637254e+04
0.000000000000000000e+00,1.148000063260831121e+04,-3.469160674125223159e+04
0.000000000000000000e+00,-3.021728775693090938e+03,-1.967409516611791332e+04
0.000000000000000000e+00,-4.868798785945961072e+02,-3.115816118139619357e+04
0.000000000000000000e+00,9.765253630176752267e+03,-3.263831710361306614e+04
0.000000000000000000e+00,6.212105921636855783e+03,-3.167642432416778684e+04
0.000000000000000000e+00,1.519014913591984259e+04,-3.459850299183986499e+04
0.000000000000000000e+00,1.493123921345974304e+04,-3.709630832559050032e+04
0.000000000000000000e+00,1.240799266525988605e+04,-3.060587182908039176e+04
0.000000000000000000e+00,1.253379273016547450e+04,-3.995685613883022597e+04
0.000000000000000000e+00,5.623808686959842817e+03,-3.644080249393370468e+04
0.000000000000000000e+00,6.234072004947573987e+03,-3.774570766521430778e+04
0.000000000000000000e+00,1.604431980261155877e+04,-3.994364835594512988e+04
0.000000000000000000e+00,1.915242239962625899e+04,-4.224383794866560493e+04
0.000000000000000000e+00,1.559948045324297709e+04,-3.687943284224364470e+04
0.000000000000000000e+00,1.180073423746976187e+04,-3.533613953489017877e+04
0.000000000000000000e+00,8.755776105830345841e+03,-3.599884698443501111e+04
0.000000000000000000e+00,2.003280335406998711e+04,-4.341257845850193553e+04
0.000000000000000000e+00,1.397337431495263627e+04,-3.735989059757647919e+04
0.000000000000000000e+00,5.795460501234876574e+03,-3.259163080547549907e+04
0.000000000000000000e+00,1.596831508698395919e+04,-3.792839357705756265e+04
0.000000000000000000e+00,7.980820101171500028e+03,-3.221125470072640746e+04
0.000000000000000000e+00,1.332052656385181763e+04,-3.727078886607332970e+04
0.000000000000000000e+00,2.246142694990148811e+04,-3.951042768343773787e+04
0.000000000000000000e+00,6.750154230284128062e+03,-3.350705584410440497e+04
0.000000000000000000e+00,6.510732622260803510e+03,-3.413928457191218331e+04
0.000000000000000000e+00,8.191072052337903187e+03,-3.387537589102104539e+04
0.000000000000000000e+00,-4.336027757609826949e+02,-3.424282775337940257e+04
0.000000000000000000e+00,8.465577059822844603e+03,-3.856541804861379205e+04
0.000000000000000000e+00,8.164790164716706386e+03,-3.303619244093863381e+04
0.000000000000000000e+00,1.566023498788017241e+04,-4.111084623114972783e+04
0.000000000000000000e+00,1.290477585626272776e+04,-3.483362839263789647e+04
0.000000000000000000e+00,1.486519879760934418e+04,-3.745704784555980586e+04
0.000000000000000000e+00,8.446363388233876321e+03,-3.717991147674590320e+04
0.000000000000000000e+00,1.750107254661036495e+04,-4.033417440245141188e+04
0.000000000000000000e+00,1.469547608071178183e+04,-3.684298161746442929e+04
0.000000000000000000e+00,1.555312781815062226e+04,-3.897316320726438425e+04
0.000000000000000000e+00,2.132832521843368886e+04,-4.118180991702067695e+04
0.000000000000000000e+00,9.472433792426905711e+03,-3.067383298118003586e+04
0.000000000000000000e+00,7.060662464478588845e+03,-3.489611546529671614e+04
0.000000000000000000e+00,1.559071573193752738e+04,-3.723159526785906928e+04
0.000000000000000000e+00,6.582637934928246068e+03,-3.742176326199504547e+04
0.000000000000000000e+00,1.863096114757626128e+04,-3.762474061270534730e+04
0.000000000000000000e+00,1.434218349496260271e+04,-3.182175696379849978e+04
0.000000000000000000e+00,1.644901222031540601e+04,-3.887582678282886627e+04
0.000000000000000000e+00,1.622969213698364547e+04,-3.687210914818764286e+04
0.000000000000000000e+00,9.694131267176722758e+03,-3.306371914497876423e+04
0.000000000000000000e+00,1.685171226175168704e+04,-4.356887262321498565e+04
0.000000000000000000e+00,1.417093787728937968e+04,-3.872689886791587924e+04
0.000000000000000000e+00,7.813388394399873505e+03,-3.340108886107444414e+04
0.000000000000000000e+00,6.444853735923837121e+03,-3.618520108389946108e+04
0.000000000000000000e+00,1.093159294300626607e+04,-3.467990195608022623e+04
0.000000000000000000e+00,5.343313704134092404e+03,-3.562645689857140678e+04
0.000000000000000000e+00,1.374601483643449137e+04,-3.599895094067126047e+04
0.000000000000000000e+00,2.122875673323580486e+04,-3.772282360168702871e+04
0.000000000000000000e+00,1.659739260160184813e+02,-3.035458165220537558e+04
0.000000000000000000e+00,2.097760280399144540e+04,-3.816384053782372212e+04
0.000000000000000000e+00,1.429126771729320535e+04,-3.168041178106351435e+04
0.000000000000000000e+00,1.460160744814488862e+04,-3.203703404939884422e+04
0.000000000000000000e+00,5.444276518970145844e+03,-3.050416576458810960e+04
0.000000000000000000e+00,1.771241751086330987e+04,-4.129295771025195427e+04
0.000000000000000000e+00,1.297679709008513782e+03,-3.438228123039017373e+04
0.000000000000000000e+00,1.167973969762519482e+04,-3.610245780622647726e+04
0.000000000000000000e+00,1.250411667269575628e+04,-4.402763661963839695e+04
0.000000000000000000e+00,1.189363836145757705e+04,-3.753752345763955236e+04
0.000000000000000000e+00,1.219496763220848334e+04,-3.888332002690306399e+04
0.000000000000000000e+00,1.044880901216100710e+02,-3.623547273763790872e+04
0.000000000000000000e+00,1.463245795711810388e+04,-3.167961034627179106e+04
0.000000000000000000e+00,1.405753126350508683e+04,-3.625207243312212086e+04
0.000000000000000000e+00,1.090451397926869322e+04,-3.266644355891469968e+04
0.000000000000000000e+00,1.184058175648384349e+04,-4.301882001045421930e+04
0.000000000000000000e+00,1.436502996717881433e+04,-3.455419567687098606e+04
0.000000000000000000e+00,1.488208484499137194e+04,-3.254900986680749338e+04
0.000000000000000000e+00,2.031623692034221676e+04,-3.583620211676925101e+04
0.000000000000000000e+00,1.955998137022974333e+04,-4.085274244942574296e+04
0.000000000000000000e+00,1.479739971609246641e+04,-3.707659927725016314e+04
0.000000000000000000e+00,1.795064960731928659e+04,-4.156440915314581071e+04
0.000000000000000000e+00,2.060360583479015622e+04,-3.528535912166079652e+04
0.000000000000000000e+00,1.052573575478490056e+04,-3.710013729453748965e+04
0.000000000000000000e+00,1.938764844451420868e+04,-3.641844558949203201e+04
0.000000000000000000e+00,1.782614226111446624e+04,-3.907859752132515860e+04
0.000000000000000000e+00,1.862198613761087472e+04,-3.772464974969231844e+04
0.000000000000000000e+00,6.898925104155772715e+03,-3.553833047301379702e+04
0.000000000000000000e+00,1.972375815897745633e+04,-3.692385208862851869e+04
0.000000000000000000e+00,1.289180731803310664e+04,-3.631148847744269005e+04
0.000000000000000000e+00,1.149986835208410412e+04,-3.756216509002340899e+04
0.000000000000000000e+00,7.837634451454855480e+03,-3.467381632992122468e+04
0.000000000000000000e+00,1.750338942505318755e+03,-3.617684412780634739e+04
0.000000000000000000e+00,1.276100732856296781e+04,-3.506340538019419182e+04
0.000000000000000000e+00,5.748669593206992431e+03,-3.476188957551046042e+04
0.000000000000000000e+00,6.447065701076106961e+03,-3.494028144001377223e+04
0.000000000000000000e+00,8.204447818452348656e+03,-3.740708669054842903e+04
0.000000000000000000e+00,7.937347951754102723e+03,-4.129465552862796176e+04
0.000000000000000000e+00,1.979722737185447113e+04,-3.509296307156984403e+04
0.000000000000000000e+00,1.091115800257911360e+04,-3.541867285800035461e+04
0.000000000000000000e+00,1.273631225047179760e+04,-3.685137715747646143e+04
0.000000000000000000e+00,1.136048267447248691e+04,-3.159357865165775365e+04
0.000000000000000000e+00,8.594246998856599021e+03,-3.013580320372192000e+04
0.000000000000000000e+00,7.758897837510849058e+03,-3.524509106582795357e+04
0.000000000000000000e+00,9.596758248068506873e+03,-3.536470430217921239e+04
0.000000000000000000e+00,1.142455998157720023e+04,-3.441236643695633393e+04
0.000000000000000000e+00,6.805947633977633814e+03,-3.385636872202411178e+04
0.000000000000000000e+00,-1.241108353228967189e+02,-3.299176559299461951e+04
0.000000000000000000e+00,8.171203697864013520e+03,-3.715315354596498946e+04
0.000000000000000000e+00,1.200581265872059885e+04,-3.831160610325357266e+04
0.000000000000000000e+00,1.342369279633385668e+04,-3.996416211202681734e+04
0.000000000000000000e+00,1.687639875549518183e+04,-3.860090748150450236e+04
0.000000000000000000e+00,1.982455987194079353e+04,-4.454378350040088844e+04
0.000000000000000000e+00,1.926791186143109007e+04,-3.779383295996286324e+04
0.000000000000000000e+00,2.069377031985898793e+04,-3.883793056567585154e+04
0.000000000000000000e+00,1.202247217288388310e+04,-3.367785611114052881e+04
0.000000000000000000e+00,8.769369063177524367e+03,-3.318038411947619898e+04
0.000000000000000000e+00,1.455199251439494947e+04,-3.396287057887169067e+04
0.000000000000000000e+00,1.086276332941687542e+04,-3.596572410767263500e+04
0.000000000000000000e+00,-4.906214299895293607e+02,-3.342076837751953281e+04
0.000000000000000000e+00,4.239155759284783016e+03,-3.567996081057065021e+04
0.000000000000000000e+00,9.284287741581501905e+03,-2.764161709664286900e+04
0.000000000000000000e+00,1.645484385402698899e+04,-4.101200999518978642e+04
0.000000000000000000e+00,-5.191939775377465594e+03,-3.086549593791899679e+04
0.000000000000000000e+00,8.939890078285985510e+03,-3.142936538707065483e+04
0.000000000000000000e+00,1.439359117217202584e+04,-3.171550234399596957e+04
0.000000000000000000e+00,-1.507806794983810505e+03,-3.671806817650753510e+04
0.000000000000000000e+00,1.407744271496656074e+04,-3.105466104588900635e+04
0.000000000000000000e+00,1.518254895430337638e+04,-3.951047288425073202e+04
0.000000000000000000e+00,1.910378461717074242e+04,-3.746480995195145806e+04
0.000000000000000000e+00,9.684213362134247291e+03,-3.974504855505665182e+04
0.000000000000000000e+00,1.420035401246605579e+04,-4.337963278034717223e+04
0.000000000000000000e+00,8.767219370032722509e+03,-4.414297161198856338e+04
0.000000000000000000e+00,1.454719503037078175e+04,-3.227613711845499347e+04
0.000000000000000000e+00,8.196896613258930302e+03,-3.212296454177063424e+04
0.000000000000000000e+00,1.446953439191662619e+04,-3.247665565605527809e+04
0.000000000000000000e+00,1.137336691923430044e+04,-3.806733991881905240e+04
0.000000000000000000e+00,8.761655148370715324e+03,-3.768977470730320783e+04
0.000000000000000000e+00,1.210127599179551180e+04,-3.736537239006250456e+04
0.000000000000000000e+00,1.031043006869932105e+04,-3.818074797925831081e+04
0.000000000000000000e+00,8.989785421230248176e+03,-4.086286786069692607e+04
0.000000000000000000e+00,6.501034164677959780e+03,-3.964063300490908296e+04
0.000000000000000000e+00,1.698064205823657903e+04,-3.808889664893841837e+04
0.000000000000000000e+00,2.385888293060531396e+03,-3.107441052340907117e+04
0.000000000000000000e+00,1.657755857774231117e+04,-3.322282328081454034e+04
0.000000000000000000e+00,9.037820203822646363e+03,-3.873298069254341681e+04
0.000000000000000000e+00,1.357373013967369479e+04,-3.379551153461516515e+04
0.000000000000000000e+00,8.781477265757206624e+03,-3.204954313097803606e+04
0.000000000000000000e+00,9.348309798295558721e+03,-3.197466057074671335e+04
0.000000000000000000e+00,1.436618370348174176e+04,-3.415220619836744299e+04
0.000000000000000000e+00,1.352345906615833337e+04,-3.526343338870237494e+04
0.000000000000000000e+00,2.164545621518979533e+04,-4.112541066001510626e+04
0.000000000000000000e+00,1.483395784323243788e+04,-3.720853523846270400e+04
0.000000000000000000e+00,1.358750843866459763e+04,-3.721378350154263899e+04
0.000000000000000000e+00,7.961266036030145187e+03,-3.834543171902916947e+04
0.000000000000000000e+00,6.367306376210045528e+03,-3.449961844743246183e+04
0.000000000000000000e+00,1.797729753295449700e+04,-4.162608646505230718e+04
0.000000000000000000e+00,1.372137863408950216e+04,-3.611696444545497798e+04
0.000000000000000000e+00,-5.651682401923623047e+02,-3.196381538700770761e+04
0.000000000000000000e+00,5.221045049170637867e+03,-2.996914632998188972e+04
0.000000000000000000e+00,1.450106078281460759e+04,-3.385789288173591922e+04
0.000000000000000000e+00,1.475726220373703836e+04,-4.022134479775072396e+04
0.000000000000000000e+00,8.045224621053156625e+03,-3.826291824312065728e+04
0.000000000000000000e+00,7.348795599381345710e+03,-2.792642018239131721e+04
0.000000000000000000e+00,1.586825411669036112e+04,-3.961591446170325798e+04
0.000000000000000000e+00,6.294697648670432500e+03,-3.683492962934708339e+04
0.000000000000000000e+00,6.762456194246378800e+03,-4.718830259930990724e+04
0.000000000000000000e+00,8.428542504537772402e+03,-3.042206465914380533e+04
0.000000000000000000e+00,1.282425224483376223e+04,-3.981359432491921325e+04
0.000000000000000000e+00,1.129007385931574026e+04,-3.926259553505685471e+04
0.000000000000000000e+00,9.881365890029936054e+03,-2.734173756018718268e+04
0.000000000000000000e+00,2.653598307591414141e+03,-3.261050072770365296e+04
0.000000000000000000e+00,8.563862550235051458e+03,-3.754564058315251896e+04
0.000000000000000000e+00,9.136362626827143686e+03,-3.629797651239894185e+04
0.000000000000000000e+00,6.396138755995799556e+02,-3.302769060715783417e+04
0.000000000000000000e+00,1.805340943121035161e+04,-3.864473627279519860e+04
0.000000000000000000e+00,9.493176373253883867e+03,-3.251760308444401744e+04
0.000000000000000000e+00,2.078427949919738967e+04,-3.994778087312996649e+04
0.000000000000000000e+00,6.098901431007717292e+03,-3.404285786122339778e+04
0.000000000000000000e+00,4.960211227988381324e+03,-3.683864833968876337e+04
0.000000000000000000e+00,1.941408163958649311e+04,-3.908258442857127375e+04
0.000000000000000000e+00,1.611548821258331191e+04,-3.750647682127003645e+04
0.000000000000000000e+00,7.652168254958168291e+03,-3.525034224577913119e+04
0.000000000000000000e+00,1.721397046176923686e+04,-3.952904450545714644e+04
0.000000000000000000e+00,1.579526006414575750e+04,-3.922064550370881625e+04
0.000000000000000000e+00,1.994895605661455920e+04,-3.684894793872615264e+04
0.000000000000000000e+00,1.637787805417347590e+04,-3.381461830010704580e+04
0.000000000000000000e+00,1.397896025115104021e+04,-3.309447923929117678e+04
0.000000000000000000e+00,7.762005303516667482e+03,-3.382762775935245736e+04
0.000000000000000000e+00,1.344897268444156362e+04,-3.699995433216477977e+04
0.000000000000000000e+00,1.370680062459442343e+04,-3.050650338215280863e+04
0.000000000000000000e+00,1.011129216901969448e+04,-3.440980303079775331e+04
0.000000000000000000e+00,1.013739136193639388e+04,-3.628607625509804348e+04
0.000000000000000000e+00,1.092085844628153609e+04,-3.497253349690174946e+04
0.000000000000000000e+00,5.236541149927888910e+03,-3.573240068260770931e+04
0.000000000000000000e+00,6.526751435108813894e+03,-3.474592408881995652e+04
0.000000000000000000e+00,9.345072667735101277e+03,-3.335816008981488994e+04
1.000000000000000000e+00,4.371612669247479062e+03,-3.475026358770320076e+04
1.000000000000000000e+00,3.483630014457406105e+03,-2.852926707344267197e+04
1.000000000000000000e+00,-2.691211050624247036e+02,-3.281512170318541030e+04
1.000000000000000000e+00,2.975962489120901864e+03,-3.790423087244524504e+04
1.000000000000000000e+00,2.016489964982296897e+03,-3.436716270717312000e+04
1.000000000000000000e+00,4.773919116960501015e+03,-1.928111965013669032e+04
1.000000000000000000e+00,-1.328669422395589663e+03,-3.236836677302126554e+04
1.000000000000000000e+00,8.343293932168380707e+03,-3.051784450481223394e+04
1.000000000000000000e+00,1.191833055326140857e+04,-1.445948051923365892e+04
1.000000000000000000e+00,-6.085586986503730031e+02,-3.424197443339612073e+04
1.000000000000000000e+00,9.677156087796220163e+03,-3.615445812532553828e+04
1.000000000000000000e+00,3.413325382639417512e+03,-3.344564301324221742e+04
1.000000000000000000e+00,2.123512144543631166e+03,-2.618050118314588690e+04
1.000000000000000000e+00,1.970516512750866241e+04,-3.517183307087510184e+04
1.000000000000000000e+00,1.624089718360846518e+03,-3.491194237058306317e+04
1.000000000000000000e+00,2.329467823397322718e+03,-3.537420568300093873e+04
1.000000000000000000e+00,6.511799705025416188e+03,-3.292503379593931459e+04
1.000000000000000000e+00,9.541001641676439249e+03,-3.219601890502146489e+04
1.000000000000000000e+00,-1.404131814638239575e+03,-3.229429695519822781e+04
1.000000000000000000e+00,7.469580014863683573e+03,-3.251813388760809903e+04
1.000000000000000000e+00,6.257181116742585800e+03,-3.548215943579915620e+04
1.000000000000000000e+00,6.291924584128937568e+03,-2.714899592806076907e+04
1.000000000000000000e+00,1.387022358062220883e+04,-3.274279406863457552e+04
1.000000000000000000e+00,-4.989502128850211875e+02,-3.387971898175603565e+04
1.000000000000000000e+00,3.169921343966181666e+03,-1.758079041916147980e+04
1.000000000000000000e+00,1.622427429769574519e+04,-3.821544271039085288e+04
1.000000000000000000e+00,8.588915595411079266e+03,-3.231778131050446245e+04
1.000000000000000000e+00,2.321419492971241925e+04,-4.636967865297615208e+04
1.000000000000000000e+00,-1.301413652875821754e+02,-3.356345941692894849e+04
1.000000000000000000e+00,6.928857690823652774e+03,-2.956102675785536485e+04
1.000000000000000000e+00,1.249832406742866806e+04,-3.137987288178677045e+04
1.000000000000000000e+00,1.079432947770837200e+04,-3.825808174865860929e+04
1.000000000000000000e+00,1.386382979046545734e+04,-3.194564152663371715e+04
1.000000000000000000e+00,5.480338071384508112e+03,-2.852270537648408936e+04
1.000000000000000000e+00,5.989504827864137951e+03,-2.888301920999544382e+04
1.000000000000000000e+00,4.287431023263849056e+03,-3.082344985696431468e+04
1.000000000000000000e+00,7.411513710567515773e+03,-3.111963116254322449e+04
1.000000000000000000e+00,4.431492057611745622e+03,-2.989423929228083944e+04
1.000000000000000000e+00,1.427237960136745096e+04,-3.272375829372608860e+04
1.000000000000000000e+00,1.532809378467349052e+04,-3.484743508611559810e+04
1.000000000000000000e+00,6.548503088467314228e+03,-3.290748175864076620e+04
1.000000000000000000e+00,-4.744003762115326936e+03,-2.994048956703721342e+04
1.000000000000000000e+00,2.153782101659902401e+04,-3.939471988994247658e+04
1.000000000000000000e+00,1.351573085440182513e+04,-3.416740347260456474e+04
1.000000000000000000e+00,2.800366177164549299e+03,-2.844237489554482818e+04
1.000000000000000000e+00,6.761950641689133590e+03,-2.920054628223547115e+04
1.000000000000000000e+00,1.399227208403719487e+04,-3.037435098419506539e+04
1.000000000000000000e+00,6.661067782418851493e+03,-2.921123854571273114e+04
1.000000000000000000e+00,5.776471805996190596e+03,-2.252877308409420948e+04
1.000000000000000000e+00,1.235017915922021530e+04,-2.984596835208702396e+04
1.000000000000000000e+00,1.036590295540819716e+04,-3.076148315300862669e+04
1.000000000000000000e+00,8.021027215809145673e+03,-2.871904688721079947e+04
1.000000000000000000e+00,1.315020964041310253e+04,-2.740217797790101758e+04
1.000000000000000000e+00,9.561507868909635363e+03,-2.806201116601419199e+04
1.000000000000000000e+00,9.642028214636211487e+03,-3.197925623599480605e+04
1.000000000000000000e+00,1.758137225451342965e+04,-3.718146172084839782e+04
1.000000000000000000e+00,8.028054725790079829e+03,-2.812529484990918354e+04
1.000000000000000000e+00,6.148820320729465493e+03,-2.895993707335070940e+04
1.000000000000000000e+00,1.156077725913052382e+04,-3.177709152118022030e+04
1.000000000000000000e+00,2.431289277972814034e+03,-3.545236906160476065e+04
1.000000000000000000e+00,6.147365353720706480e+03,-2.864585281110642973e+04
1.000000000000000000e+00,8.648480190037611465e+03,-3.284519445170367544e+04
1.000000000000000000e+00,1.496582403506976334e+04,-2.836731839939898418e+04
1.000000000000000000e+00,8.561541371031848030e+03,-3.142803187579779478e+04
1.000000000000000000e+00,1.612701871765946635e+04,-3.229796117521246924e+04
1.000000000000000000e+00,7.000142548157006786e+03,-3.299943078789291030e+04
1.000000000000000000e+00,4.434198379730461056e+03,-3.748733165579096385e+04
1.000000000000000000e+00,1.842984051529610588e+04,-3.604715480232286063e+04
1.000000000000000000e+00,1.579583519135121605e+04,-3.990861811465823121e+04
1.000000000000000000e+00,3.503303194666901163e+03,-3.231895844949222374e+04
1.000000000000000000e+00,4.904884446726899114e+03,-3.633267910555050184e+04
1.000000000000000000e+00,1.607031778821395164e+04,-4.290364931736671861e+04
1.000000000000000000e+00,6.497833863503473367e+03,-3.254887366322090747e+04
1.000000000000000000e+00,1.146984324897607075e+04,-3.178501100973039138e+04
1.000000000000000000e+00,3.878946440951101977e+03,-3.093328557097992234e+04
1.000000000000000000e+00,1.361405796490803186e+04,-3.519871923358974163e+04
1.000000000000000000e+00,1.082921824788116828e+04,-2.703911312087982151e+04
1.000000000000000000e+00,1.391339102933564391e+04,-3.307945962963392958e+04
1.000000000000000000e+00,4.466461417377940052e+03,-3.832964038295118371e+04
1.000000000000000000e+00,1.293334452793679156e+04,-3.216668593371648603e+04
1.000000000000000000e+00,7.677320603572372420e+03,-1.657691439787989657e+04
1.000000000000000000e+00,4.589142635310458900e+03,-3.037773771072111049e+04
1.000000000000000000e+00,5.596806313565050004e+03,-3.227319119625284293e+04
1.000000000000000000e+00,1.671460966651540366e+04,-1.062034036393274073e+04
1.000000000000000000e+00,8.237777360417137970e+03,-2.965486639557895978e+04
1.000000000000000000e+00,7.660144273687969871e+03,-3.185079186013600702e+04
1.000000000000000000e+00,9.262283350507577779e+03,-1.832676593301376488e+04
1.000000000000000000e+00,1.309483801572244556e+04,-3.345444900159801182e+04
1.000000000000000000e+00,2.578560099583842384e+04,-3.838351886321292113e+04
1.000000000000000000e+00,1.561650255747888696e+04,-3.320330741155183205e+04
1.000000000000000000e+00,1.488575854705989877e+04,-2.911261998243598646e+04
1.000000000000000000e+00,-2.718786542299949360e+02,-3.854425228535883070e+04
1.000000000000000000e+00,2.097079058455962513e+04,-3.588949724416890967e+04
1.000000000000000000e+00,8.358341442701219421e+03,-3.290878093269088276e+04
1.000000000000000000e+00,8.835509531938159853e+03,-2.898208394183446217e+04
1.000000000000000000e+00,1.569964232698361229e+04,-3.358138525457815558e+04
1.000000000000000000e+00,1.347096785668443590e+04,-3.217438731848562384e+04
1.000000000000000000e+00,1.749430699136136172e+04,-3.645604447282486944e+04
1.000000000000000000e+00,1.568183912774462442e+04,-3.830307050246433209e+04
1.000000000000000000e+00,5.744553987698973287e+03,-3.607322153790154698e+04
1.000000000000000000e+00,5.955230142093126233e+03,-3.838212987762354169e+04
1.000000000000000000e+00,8.637374380132481747e+03,-3.408085756239708280e+04
1.000000000000000000e+00,-5.607293085854591482e+03,-3.253066011092627741e+04
1.000000000000000000e+00,6.252098448407380602e+03,-3.294849861199650331e+04
1.000000000000000000e+00,1.372729564443771778e+04,-3.301496507623603975e+04
1.000000000000000000e+00,7.599326019553073820e+03,-3.545550833309972950e+04
1.000000000000000000e+00,1.735408228485274594e+04,-3.661582432949254871e+04
1.000000000000000000e+00,-1.150051346370943065e+03,-2.287819976931671772e+04
1.000000000000000000e+00,-5.172469845739392440e+03,-3.261410271051699237e+04
1.000000000000000000e+00,8.455580594913313689e+03,-3.849102418320208380e+04
1.000000000000000000e+00,7.791882373092345006e+03,-3.614708927122665045e+04
1.000000000000000000e+00,1.262442369011440132e+04,-3.440357156055880478e+04
1.000000000000000000e+00,1.975919011471354315e+04,-3.491577220474669593e+04
1.000000000000000000e+00,3.407782441085973915e+03,-3.330801795941249293e+04
1.000000000000000000e+00,4.435362248679003642e+03,-3.830995675046362157e+04
1.000000000000000000e+00,4.693923535678864027e+03,-3.329051187752062106e+04
1.000000000000000000e+00,1.170085984142628331e+04,-3.564005715346134093e+04
1.000000000000000000e+00,9.751258817615644148e+03,-3.155525545690286890e+04
1.000000000000000000e+00,6.228226686347269606e+03,-3.166461002632160671e+04
1.000000000000000000e+00,-4.052272370503806542e+03,-3.488411439356392657e+04
1.000000000000000000e+00,2.018190509134731838e+04,-3.542727804814483534e+04
1.000000000000000000e+00,-6.870050211761883929e+01,-3.013791612251336846e+04
1.000000000000000000e+00,7.787138690722474166e+03,-3.186192695100487981e+04
1.000000000000000000e+00,8.377641888359848963e+03,-3.199548241064517060e+04
1.000000000000000000e+00,7.917582532646283653e+03,-2.836572867089525244e+04
1.000000000000000000e+00,1.012828576448244894e+04,-1.540142572870897129e+04
1.000000000000000000e+00,8.225227680301060900e+03,-2.003181083642983504e+04
